"CompassionLiveRatings task",#2012-01-05 11:53:30#
"CompassionLiveRatings task",#2012-01-05 11:54:42#
"CompassionLiveRatings task",#2012-01-05 11:56:14#
"Mike.jpg","mike.wav",#2012-01-05 11:57:57#
"How tender do you feel in this moment?"
0.5
0.497
0.4955
0.4955
0.4955
0.4955
0.4955
0.4955
0.4955
0.4955
0.4955
0.4955
0.4955
0.4955
0.4955
0.4955
0.4955
0.4955
0.4955
0.4955
0.4955
0.4955
0.4955
0.4955
0.497
0.4955
0.4955
0.4955
0.4955
0.4955
0.497
0.4985
0.5
0.5075
0.5542
0.7048
0.7726
0.7982
0.7771
0.6717
0.6446
0.6446
0.6446
0.6446
0.6446
0.6446
0.6446
0.6446
0.6446
0.6446
0.6446
0.6446
0.6446
0.6446
0.6446
0.6446
0.6446
0.6446
0.6446
0.6446
0.6446
0.6446
0.6446
0.6446
0.6446
0.6446
0.6446
0.6446
0.6446
0.6446
0.6446
0.6446
0.6446
0.6446
0.6446
0.6446
0.6446
0.6446
0.6446
0.6446
0.6446
0.6446
0.6446
0.6446
0.6446
0.6446
0.6446
0.6446
0.6446
0.6446
0.6446
0.6446
0.6446
0.6446
0.6446
0.6446
0.6446
0.6446
0.6446
0.6446
0.6446
0.6446
0.6446
0.6446
0.6446
0.6446
0.6446
0.6446
0.6446
0.6446
0.6446
0.6446
0.6446
0.6446
0.6446
0.6446
0.6446
0.6446
0.6446
0.6446
0.6446
0.6446
0.6446
0.6446
0.6446
0.6446
0.6446
0.6446
0.6446
0.6446
0.6446
0.6446
0.6446
0.6446
0.6446
0.6446
0.6446
0.6446
0.6446
0.6446
0.6446
0.6446
0.6446
0.6446
0.6446
0.6446
0.6446
0.6446
0.6446
0.6446
0.6446
0.6446
0.6446
0.6446
0.6446
0.6446
0.6446
0.6446
0.6446
0.6446
0.6446
0.6446
0.6446
0.6446
0.6446
0.6446
0.6446
0.6446
0.6446
0.6446
0.6446
0.6446
0.6446
0.6446
0.6446
0.6446
0.6446
0.6446
0.6446
0.6446
0.6446
0.6446
0.6446
0.6446
0.6446
0.6446
0.6446
0.6446
0.6446
0.6446
0.6446
0.6446
0.6446
0.6446
0.6446
0.6446
0.6446
0.6446
0.6446
0.6446
0.6446
0.6446
0.6446
0.6446
0.6446
0.6446
0.6446
0.6446
0.6446
0.6446
0.6446
0.6446
0.6446
0.6446
0.6446
0.6446
0.6446
0.6446
0.6446
0.6446
0.6446
0.6446
0.6446
0.6446
0.6446
0.6446
0.6446
0.6446
0.6446
0.6446
0.6446
0.6446
0.6446
0.6446
0.6446
0.6446
0.6446
0.6446
0.6446
0.6446
0.6446
0.6446
0.6446
0.6446
0.6446
0.6446
0.6446
0.6446
0.6446
0.6446
0.6446
0.6446
0.6446
0.6446
0.6446
0.6446
0.6446
0.6446
0.6446
0.6446
0.6446
0.6446
0.6446
0.6446
0.6446
0.6446
0.6446
0.6446
0.6446
0.6446
0.6446
0.6446
0.6446
0.6446
0.6446
0.6446
0.6446
0.6446
0.6446
0.6446
0.6446
0.6446
0.6446
0.6446
0.6446
0.6446
0.6446
0.6446
0.6446
0.6446
0.6446
0.6446
0.6446
0.6446
0.6446
0.6446
0.6446
0.6446
0.6446
0.6446
0.6446
0.6446
0.6446
0.6446
0.6446
0.6446
0.6446
0.6446
0.6446
0.6446
0.6446
0.6446
0.6446
0.6446
0.6446
0.6446
0.6446
0.6446
0.6446
0.6446
0.6446
0.6446
0.6446
0.6446
0.6446
0.6446
0.6446
0.6446
0.6446
0.6446
0.6446
0.6446
0.6446
0.6446
0.6446
0.6446
0.6446
0.6446
0.6446
0.6446
0.6446
0.6446
0.6446
0.6446
0.6446
0.6446
0.6446
0.6446
0.6446
0.6446
0.6446
0.6446
0.6446
0.6446
0.6446
0.6446
0.6446
0.6446
0.6446
0.6446
0.6446
0.6446
0.6446
0.6446
0.6446
0.6446
0.6446
0.6446
0.6446
0.6446
0.6446
0.6446
0.6446
0.6446
0.6446
0.6446
0.6446
0.6446
0.6446
0.6446
0.6446
0.6446
0.6446
0.6446
0.6446
0.6446
0.6446
0.6446
0.6446
0.6446
0.6446
0.6446
0.6446
0.6446
0.6446
0.6446
0.6446
0.6446
0.6446
0.6446
0.6446
0.6446
0.6446
0.6446
0.6446
0.6446
0.6446
0.6446
0.6446
0.6446
0.6446
0.6446
0.6446
0.6446
0.6446
0.6446
0.6446
0.6446
0.6446
0.6446
0.6446
0.6446
0.6446
0.6446
0.6446
0.6446
0.6446
0.6446
0.6446
0.6446
0.6446
0.6446
0.6446
0.6446
0.6446
0.6446
0.6446
0.6446
0.6446
0.6446
0.6446
0.6446
0.6446
0.6446
0.6446
0.6446
0.6446
"Mike.jpg","mike.wav",#2012-01-05 11:58:37#
"T","I feel tender towards this person"
0.7139
"Mike.jpg","mike.wav",#2012-01-05 11:58:39#
"D","I felt distressed by this person's suffering"
0.3253
"Mike.jpg","mike.wav",#2012-01-05 11:58:40#
"I","My personal morals and values are similar to this person's morals and values    "
0.7349
"CompassionLiveRatings task",#2012-01-05 16:59:49#
"americancancersociety3.jpg","wallace.wav",#2012-01-05 17:01:18#
"How distressed do you feel in this moment?"
0.5
0.5
0.5
0.5
0.5
0.5
0.5
0.5
0.5
0.5
0.5
0.5
0.5
0.5
0.5
0.5
0.5
0.5
0.5
0.5
0.5
0.5
0.5
0.5
0.5
0.5
0.5
0.5
0.5
0.5
0.5
0.5
0.5
0.5
0.5
0.5
0.5
0.5
0.5
0.5
0.5
0.5
0.5
0.5
0.5
0.5
0.5
0.5
0.5
0.5
0.5
0.5
0.5
0.5
0.5
0.5
0.5
0.5
0.5
0.5
0.5
0.5
0.5
0.5
0.5
0.5
0.5
0.5
0.5
0.5
0.5
0.5
0.5
0.5
0.5
0.5
0.5
0.5
0.5
0.5
0.5
0.5
0.5
0.5
0.5
0.5
0.5
0.5
0.5
0.5
0.5
0.5
0.5
0.5
0.5
0.5
0.5
0.5
0.5
0.5
0.5
0.5
0.5
0.5
0.5
0.5
0.5
0.5
0.5
0.5
0.5
0.5
0.5
0.5
0.5
0.5
0.5
0.5
0.5
0.5
0.5
0.5
0.5
0.5
0.5
0.5
0.5
0.5
0.5
0.5
0.5
"CompassionLiveRatings task",#2012-01-24 10:31:10#
"americancancersociety3.jpg","wallace.wav",#2012-01-24 10:32:26#
"How distressed do you feel in this moment?"
0.5
0.5
0.5
0.5
0.5
0.5
0.5
0.5
0.5
0.5
0.5
0.5
0.5
0.5
0.5
0.5
0.5
0.5
0.5
0.5
0.5
0.5
0.5
0.5
0.5
0.5
0.5
0.5
0.5
0.5
0.5
0.5
0.5
0.5
0.5
0.5
0.5
0.5
0.5
0.5
0.5
0.5
0.5
0.5
0.5
0.5
0.5
0.5
0.4322
0.5151
1
1
1
0.6431
0.3057
0.2877
0.0738
0
0
0.0828
0.1928
0.1807
0.2922
0.372
0.3494
0.2801
0.3976
0.4292
0.3494
0.366
0.2169
0.2123
0.2726
0.3494
0.4036
0.5015
0.5497
0.5497
0.5497
0.5497
0.5497
0.5497
0.5497
0.5497
0.5497
0.5497
0.5497
0.5497
0.5497
0.5497
0.5497
0.5497
0.5497
0.5497
0.5497
0.5497
0.5497
0.5497
0.5497
0.5497
0.5497
0.5497
0.5497
0.5497
0.5497
0.5497
0.5497
0.5497
0.5497
0.5497
0.5497
0.5497
0.5497
0.5497
0.5497
0.5497
0.5497
0.5497
0.5497
0.5497
0.5497
0.5497
0.5497
0.5497
0.5497
0.5497
0.5497
0.5497
0.5497
0.5497
0.5497
0.5497
0.5497
0.5497
0.5497
0.5497
0.5497
0.5497
0.5497
0.5497
0.5497
0.5497
0.5497
0.5497
0.5497
0.5497
0.5497
0.5497
0.5497
0.5497
0.5497
0.5497
0.5497
0.5497
0.5497
0.5497
0.5497
0.5497
0.5497
0.5497
0.5497
0.5497
0.5497
0.5497
0.5497
0.5497
0.5497
0.5497
0.5497
0.5497
0.5497
0.5497
0.5497
0.5497
0.5497
0.5497
"CompassionLiveRatings task",#2012-01-26 14:19:32#
"CompassionLiveRatings task",#2012-01-26 14:20:38#
"CompassionLiveRatings task",#2012-01-27 14:10:35#
"CompassionLiveRatings task",#2012-01-27 14:15:30#
"CompassionLiveRatings task",#2012-01-27 14:16:40#
"CompassionLiveRatings task",#2012-02-01 12:32:09#
"CompassionLiveRatings task",#2012-02-01 12:32:39#
