"CompassionLiveRatings task",#2012-01-05 19:28:13#
"Valerie.jpg","valarie.wav",#2012-01-05 19:34:47#
"How distressed do you feel in this moment?"
0.5
0.5
0.5
0.5
0.5
0.5
0.5
0.5
0.5
0.5
0.5
0.5
0.5
0.5
0.5
0.5
0.5
0.5
0.5
0.5
0.5
0.5
0.5
0.5
0.5
0.5
0.5
0.5
0.5
0.5
0.5
0.5
0.5
0.5
0.5
0.5
0.5
0.5
0.5
0.5
0.5
0.5
0.5
0.5
0.5
0.5
0.5
0.5
0.5
0.4789
0.4714
0.4608
0.4473
0.4307
0.3976
0.3539
0.3509
0.3509
0.3509
0.3509
0.3509
0.3509
0.3509
0.3509
0.3509
0.3509
0.3509
0.3509
0.3509
0.2982
0.2786
0.2786
0.2786
0.2786
0.2786
0.2786
0.2786
0.2786
0.2786
0.2846
0.3117
0.3117
0.3117
0.3117
0.3117
0.3117
0.3117
0.3117
0.3117
0.3117
0.3117
0.3117
0.3117
0.3117
0.3117
0.3117
0.3117
0.3117
0.3117
0.3117
0.3117
0.3117
0.3117
0.3117
0.3298
0.3328
0.3389
0.3675
0.4051
0.4142
0.4142
0.4111
0.4051
0.4021
0.4021
0.4021
0.4021
0.4021
0.4021
0.4021
0.4021
0.4021
0.4021
0.4021
0.4021
0.4021
0.4021
0.4021
0.4021
0.4021
0.4021
0.4021
0.4021
0.4021
0.4021
0.4021
0.4021
0.4021
0.4021
0.4021
0.4021
0.4021
0.4021
0.4021
0.4021
0.4021
0.4021
0.4021
0.4021
0.4021
0.4021
0.4021
0.4021
0.4021
0.4021
0.4021
0.4021
0.4021
0.4021
0.4021
0.4021
0.4021
0.4021
0.4021
0.4021
0.4021
0.4021
0.4021
0.4021
0.4021
0.4021
0.4021
0.4021
0.4021
0.4021
0.4021
0.4021
0.4021
0.4021
0.4021
0.4021
0.4021
0.4021
0.4021
0.4021
0.4021
0.4021
0.4021
0.4021
0.4021
0.4021
0.4021
0.4021
0.4021
0.4021
0.4021
0.4021
0.4021
0.4021
0.4021
0.4021
0.4021
0.4021
0.4021
0.4021
0.4021
0.4021
0.4021
0.4021
0.4021
0.4021
0.4021
0.4021
0.4021
0.4021
0.4021
0.4021
0.4021
0.4021
0.4021
0.4021
0.4021
0.4021
0.4021
0.4021
0.4021
0.4021
0.4021
0.4021
0.4021
0.4021
0.4021
0.4021
0.4021
0.4021
0.4021
0.4021
0.4021
0.4021
0.4021
0.4021
0.4021
0.4021
0.4021
0.4021
0.4021
0.4021
0.4021
0.4021
0.4021
0.4021
0.4021
0.4021
0.4021
0.4021
0.4021
0.4021
0.4021
0.4021
0.4021
0.4021
0.4021
0.4021
0.4021
0.4021
0.4021
0.4021
0.4021
0.4021
0.4021
0.4021
0.4021
0.4021
0.4021
0.4021
0.4021
0.4021
0.4021
0.4021
0.4021
0.4021
0.4021
0.4021
0.4021
0.4021
0.4021
0.4021
0.4021
0.4021
0.4021
0.4021
0.4021
0.4021
0.4021
0.4021
0.4021
0.4021
0.4021
0.4021
0.4021
0.4021
0.4021
0.4021
0.4021
0.4021
0.4021
0.4021
0.4021
0.4021
0.4021
0.4021
0.4021
0.4021
0.4021
0.5
0.8855
0.9111
0.9111
0.9111
0.9111
0.9111
0.9111
0.872
0.6717
0.6295
0.6205
0.6205
0.6175
0.628
0.6747
0.6973
0.7003
0.7048
0.7078
0.7093
0.7093
0.7093
0.7093
0.7093
0.7093
0.7093
0.7093
0.7093
0.7093
0.7078
0.7063
0.7063
0.7063
0.7063
0.7063
0.7063
0.7063
0.7063
0.7063
0.7063
0.7063
0.7063
0.7063
0.7063
0.7063
0.7063
0.7063
0.7063
0.7063
0.7063
0.7063
0.7063
0.7063
0.7063
0.7063
0.7063
0.7063
0.7063
0.7063
0.7063
0.7063
0.7063
0.7063
0.7063
0.7063
0.7063
0.7063
0.7063
0.7063
0.7063
0.7063
0.7063
0.7063
0.7063
0.7063
0.7063
0.7063
0.7063
0.7063
0.7063
0.7063
0.7063
0.7063
0.7063
0.7063
0.7063
0.7063
0.7063
0.7063
0.7063
0.7063
0.7063
0.7063
0.7063
0.7063
0.7063
0.7063
0.7063
0.7063
0.7063
0.7063
0.7063
0.7063
0.7063
0.7063
0.7063
0.7063
0.7063
0.7063
0.7063
0.7063
0.7063
0.7063
0.7063
0.7063
0.7063
0.7063
0.7063
0.7063
0.7063
0.7063
0.7063
0.7063
0.7063
0.7063
0.7063
0.7063
0.7063
0.7063
0.7063
0.7063
0.7063
"Valerie.jpg","valarie.wav",#2012-01-05 19:35:26#
"T","I feel tender towards this person"
0.3313
"Valerie.jpg","valarie.wav",#2012-01-05 19:35:30#
"D","I felt distressed by this person's suffering"
0.4172
"Valerie.jpg","valarie.wav",#2012-01-05 19:35:33#
"I","My personal morals and values are similar to this person's morals and values    "
0.6973
"Valerie.jpg","valarie.wav",#2012-01-05 19:35:38#
"E","My position in society is similar to this person's position in society"
0.8931
"Valerie.jpg","valarie.wav",#2012-01-05 19:35:41#
"N","This person really needs or needed help"
0.5542
"Valerie.jpg","valarie.wav",#2012-01-05 19:35:44#
"R","This person is or was responsible for their suffering"
0.488
"Valerie.jpg","valarie.wav",#2012-01-05 19:35:47#
"L","I would like to meet this person in real life"
0.7063
"JodiMorgan.jpg","jodi.wav",#2012-01-05 19:35:53#
"How tender do you feel in this moment?"
0.5
0.5
0.5
0.5
0.5
0.5
0.5
0.5
0.5
0.5
0.5
0.5
0.5
0.5
0.5
0.5
0.5
0.5
0.5
0.5
0.5
0.5
0.5
0.5
0.5
0.5
0.5
0.5
0.5
0.5
0.5
0.5
0.5
0.5
0.5
0.5
0.5
0.5
0.5
0.5
0.5
0.5
0.5
0.5
0.5
0.5
0.5
0.5
0.5
0.5
0.5
0.5
0.5
0.5
0.5
0.5
0.5
0.5
0.5
0.5
0.5
0.5
0.5
0.5
0.5
0.6039
0.6807
0.6943
0.6988
0.6988
0.6988
0.6988
0.6988
0.6988
0.6988
0.7229
0.7861
0.8163
0.8298
0.8358
0.8373
0.8389
0.8389
0.8389
0.8389
0.8389
0.8389
0.8389
0.8389
0.8389
0.8389
0.8389
0.8389
0.8389
0.8373
0.8358
0.8358
0.8343
0.8328
0.8298
0.8298
0.8298
0.8298
0.8298
0.8298
0.8298
0.8298
0.8298
0.8298
0.8298
0.8298
0.8298
0.8298
0.8298
0.8569
0.8645
0.8645
0.8645
0.8645
0.8645
0.8645
0.8645
0.8645
0.8645
0.8645
0.8645
0.8645
0.8645
0.8645
0.8645
0.8645
0.8645
0.8645
0.8645
0.8645
0.8645
0.8645
0.8645
0.8645
0.8645
0.8645
0.8645
0.8645
0.8645
0.8645
0.8645
0.8645
0.8645
0.8645
0.8645
0.8645
0.8645
0.8645
0.8645
0.8645
0.8645
0.8645
0.8645
0.8645
0.8645
0.8645
0.8645
0.8645
0.8645
0.8645
0.8645
0.8645
0.8645
0.8645
0.8645
0.8645
0.8645
0.8645
0.8645
0.8645
0.8645
0.8645
0.8645
0.8645
0.8645
0.8645
0.8645
0.8645
0.8645
0.8645
0.8645
0.8645
0.8645
0.8645
0.8645
0.8645
0.8645
0.8645
0.8645
0.8645
0.8645
0.8645
0.8645
0.8645
0.8645
0.8645
0.8645
0.8645
0.8645
0.8645
0.8645
0.8645
0.8645
0.8645
0.8645
0.8645
0.8645
0.8645
0.8645
0.8645
0.8645
0.8645
0.8645
0.8645
0.8645
0.8645
0.8645
0.8645
0.8645
0.8645
0.8645
0.8645
0.8645
0.8645
0.8645
0.8645
0.8645
0.8645
0.8645
0.8645
0.8645
0.8645
0.8645
0.8645
0.8645
0.8645
0.8645
0.8645
0.8645
0.8645
0.8645
0.8645
0.8645
0.8645
0.8645
0.8645
0.8645
0.8645
0.8645
0.8645
0.8645
0.8645
0.8645
0.8645
0.8645
0.8645
0.869
0.869
0.869
0.869
0.869
0.869
0.869
0.869
0.869
0.869
0.869
0.869
0.869
0.869
0.869
0.869
0.869
0.869
0.869
0.869
0.869
0.869
0.869
0.869
0.869
0.9036
0.9096
0.9096
0.9096
0.9096
0.9096
0.9096
0.9066
0.9021
0.8976
0.8916
0.884
0.866
0.8524
0.8494
0.8494
0.8494
0.8494
0.8494
0.8494
0.8494
0.8494
0.8494
0.8494
0.8494
0.8494
0.8494
0.8494
0.8494
0.8494
0.8494
0.8494
0.8464
0.8449
0.8449
0.8449
0.8449
0.8449
0.8449
0.8449
0.8449
0.8449
0.8449
0.8449
0.8449
0.8449
0.8449
0.8449
0.8449
0.8449
0.8464
0.8479
0.8524
0.8539
0.8554
0.8554
0.8554
0.8554
0.8554
0.8554
0.8554
0.8554
0.8554
0.8554
0.8554
0.8554
0.8554
0.8554
0.8554
0.8554
0.8554
0.8554
0.8554
0.8554
0.8554
0.8554
0.8554
0.8554
0.8554
0.8554
0.8554
0.8554
0.8554
0.8554
0.8554
0.8554
0.8554
0.8554
0.8554
0.8554
0.8554
0.8554
0.8554
0.8554
0.8554
0.8554
0.8554
0.8554
0.8554
0.8554
0.8554
0.8554
0.8554
0.8554
0.8554
0.8554
0.8554
0.8554
0.8554
0.8554
0.8554
0.8554
0.8554
0.8554
0.8554
0.8554
0.8554
0.8554
0.8554
0.8554
0.8554
0.8554
0.8554
0.8554
0.8554
0.8554
0.8554
0.8554
0.8554
0.8554
0.8554
0.8554
0.8554
0.8554
0.8554
0.8554
0.8554
0.8554
0.8554
0.8554
0.8554
0.8554
0.8554
0.8554
0.8554
0.8554
0.8554
0.8554
0.8554
0.8554
0.8554
0.8554
0.8554
0.8554
0.8554
0.8554
0.8554
0.8554
0.8554
0.8554
0.8554
"JodiMorgan.jpg","jodi.wav",#2012-01-05 19:36:30#
"T","I feel tender towards this person"
0.7575
"JodiMorgan.jpg","jodi.wav",#2012-01-05 19:36:34#
"D","I felt distressed by this person's suffering"
0.991
"JodiMorgan.jpg","jodi.wav",#2012-01-05 19:36:36#
"I","My personal morals and values are similar to this person's morals and values    "
0.7199
"JodiMorgan.jpg","jodi.wav",#2012-01-05 19:36:38#
"E","My position in society is similar to this person's position in society"
0.6777
"JodiMorgan.jpg","jodi.wav",#2012-01-05 19:36:44#
"N","This person really needs or needed help"
0.8238
"JodiMorgan.jpg","jodi.wav",#2012-01-05 19:36:47#
"R","This person is or was responsible for their suffering"
0.7093
"JodiMorgan.jpg","jodi.wav",#2012-01-05 19:36:48#
"L","I would like to meet this person in real life"
0.5
"Mike.jpg","mike.wav",#2012-01-05 19:36:51#
"How tender do you feel in this moment?"
0.5
0.5
0.5
0.5
0.5
0.5
0.5
0.5
0.5
0.5
0.5
0.5
0.5
0.5
0.5
0.5
0.5
0.5
0.5
0.5
0.5
0.5
0.5
0.5
0.5166
0.6416
0.7771
0.9202
0.9729
0.9729
0.9729
0.9729
0.9729
0.9729
0.9729
0.9729
1
1
1
1
1
1
1
1
1
1
1
1
1
1
1
1
1
1
1
1
1
1
1
1
1
1
1
1
1
1
1
1
1
1
1
1
1
1
1
1
1
1
1
1
1
1
1
1
1
1
1
1
1
1
1
1
1
1
1
1
1
1
1
1
1
1
1
1
1
1
1
1
1
1
1
1
1
1
1
1
1
1
1
1
1
1
1
1
1
1
1
1
1
1
1
1
1
1
1
1
1
1
1
1
1
1
1
1
1
1
1
1
1
1
1
1
1
1
1
1
1
1
1
1
1
1
1
1
1
1
1
1
1
1
1
1
1
1
1
1
1
1
1
1
1
1
1
1
1
1
1
1
1
1
1
1
1
1
1
1
1
1
1
1
1
1
1
1
1
1
1
1
1
1
1
1
1
1
1
1
1
1
1
1
1
1
1
1
1
1
1
1
1
1
1
1
1
1
1
1
1
1
1
1
1
1
1
1
1
1
1
1
1
1
1
1
1
1
1
1
1
1
1
1
1
1
1
1
1
1
1
1
1
1
1
1
1
1
1
1
1
1
1
1
1
1
1
1
1
1
1
1
1
1
1
1
1
1
1
1
1
1
1
1
1
1
1
1
1
1
1
1
1
1
1
1
1
1
1
1
1
1
1
1
1
1
1
1
1
1
1
1
1
1
1
1
1
1
1
1
1
1
1
1
1
1
1
1
1
1
1
1
1
1
1
1
1
1
1
1
1
1
1
1
1
1
1
1
1
1
1
1
1
1
1
1
1
1
1
1
1
1
1
1
1
1
1
1
1
1
1
1
1
1
1
1
1
1
1
1
1
1
1
1
1
1
1
1
1
1
1
1
1
1
1
1
1
1
1
1
1
1
1
1
1
1
1
1
1
1
1
1
1
1
1
1
1
1
1
1
1
1
1
1
1
1
1
1
1
1
1
"Mike.jpg","mike.wav",#2012-01-05 19:37:28#
"T","I feel tender towards this person"
1
"Mike.jpg","mike.wav",#2012-01-05 19:37:32#
"D","I felt distressed by this person's suffering"
1
"Mike.jpg","mike.wav",#2012-01-05 19:37:37#
"I","My personal morals and values are similar to this person's morals and values    "
0.997
"Mike.jpg","mike.wav",#2012-01-05 19:37:39#
"E","My position in society is similar to this person's position in society"
0.8238
"Mike.jpg","mike.wav",#2012-01-05 19:37:41#
"N","This person really needs or needed help"
0.8795
"Mike.jpg","mike.wav",#2012-01-05 19:37:46#
"R","This person is or was responsible for their suffering"
0
"Mike.jpg","mike.wav",#2012-01-05 19:37:48#
"L","I would like to meet this person in real life"
0.9804
"Kelly.jpg","kelly.wav",#2012-01-05 19:37:52#
"How tender do you feel in this moment?"
0.5
0.5
0.5
0.5
0.5
0.5
0.5
0.5
0.5
0.5
0.5
0.5
0.5
0.5
0.5
0.5
0.5
0.5
0.5
0.5
0.5
0.5
0.5
0.5
0.5
0.5
0.5
0.5
0.5
0.5
0.5
0.5
0.5
0.5
0.5
0.5
0.5301
0.6416
0.747
0.753
0.753
0.753
0.753
0.753
0.753
0.7801
0.8479
0.884
0.8855
0.8855
0.8855
0.8855
0.884
0.881
0.0452
0.0075
0
0
0
0
0
0
0
0
0
0
0
0
0
0
0
0
0
0
0
0
0
0
0
0
0
0
0
0.009
0.009
0.009
0.009
0.009
0.241
0.3102
0.2937
0
0
0
0
0
0
0
0.0542
0.125
0.1461
0.1461
0.1461
0.1461
0.1461
0.1461
0.1476
0.1476
0.1476
0.1476
0.1476
0.1476
0.1476
0.2214
0.2937
0.2997
0.3012
0.3042
0.3042
0.3042
0.3042
0.3042
0.3027
0.3012
0.2997
0.2982
0.2982
0.2982
0.2982
0.2982
0.2982
0.2982
0.2982
0.2982
0.2982
0.3072
0.3479
0.3614
0.3614
0.3614
0.3614
0.3614
0.3614
0.3614
0.3614
0.3614
0.3614
0.3614
0.3645
0.366
0.366
0.3705
0.3705
0.3705
0.3705
0.3705
0.3705
0.3705
0.3705
0.3705
0.3705
0.3705
0.3705
0.3705
0.3705
0.3705
0.3705
0.3705
0.3705
0.3705
0.3705
0.3705
0.3705
0.3705
0.3705
0.3705
0.3705
0.3705
0.3705
0.3705
0.3705
0.3705
0.3705
0.3705
0.3705
0.3705
0.3705
0.3705
0.3705
0.3705
0.3705
0.3705
0.3705
0.3705
0.3705
0.3705
0.3705
0.3705
0.3705
0.3705
0.3705
0.3705
0.3705
0.3705
0.3705
0.3705
0.3705
0.3705
0.3705
0.3705
0.3705
0.3705
0.3705
0.3705
0.3705
0.3705
0.3705
0.3705
0.3705
0.3705
0.3705
0.3705
0.3705
0.3705
0.3705
0.3705
0.3705
0.3705
0.3705
0.3705
0.3705
0.3705
0.3705
0.3705
0.3705
0.3705
0.3705
0.3705
0.3705
0.3705
0.3705
0.3705
0.3705
0.3705
0.3705
0.3705
0.3705
0.3705
0.3705
0.3705
0.3705
0.3705
0.3705
0.3705
0.3765
0.3795
0.3795
0.3795
0.3795
0.3795
0.3795
0.3795
0.3795
0.3795
0.3795
0.3795
0.3795
0.3795
0.3795
0.3795
0.3795
0.3795
0.3795
0.3795
0.3795
0.3795
0.3795
0.3795
0.3795
0.3795
0.3795
0.3795
0.3795
0.3795
0.3795
0.3795
0.3795
0.3795
0.378
0.3765
0.372
0.366
0.363
0.363
0.363
0.363
0.363
0.363
0.363
0.363
0.363
0.363
0.363
0.363
0.363
0.363
0.363
0.363
0.363
0.363
0.363
0.363
0.363
0.363
0.363
0.363
0.363
0.363
0.363
0.363
0.363
0.363
0.363
0.363
0.363
0.363
0.363
0.363
0.363
0.363
0.363
0.363
0.363
0.363
0.363
0.363
0.363
0.363
0.363
0.363
0.363
0.363
0.363
0.363
0.363
0.363
0.363
0.363
0.363
0.363
0.363
0.363
0.363
0.363
0.363
0.363
0.363
0.363
0.363
0.363
0.363
0.363
0.363
0.363
0.363
0.363
0.363
0.363
0.363
0.363
0.363
0.363
0.363
0.363
0.363
0.363
0.363
0.363
0.363
0.363
0.363
0.363
0.363
0.363
0.363
0.363
0.363
0.363
0.363
0.363
0.363
0.363
0.363
0.363
0.363
0.363
0.363
0.363
0.363
0.363
0.363
0.363
0.363
0.363
0.363
0.363
0.363
0.363
0.363
0.363
0.363
0.363
0.363
0.363
0.363
0.363
0.363
0.363
0.363
0.363
0.363
0.363
0.363
0.363
0.363
0.363
0.363
0.363
0.363
0.363
0.363
0.363
0.363
0.363
0.363
0.363
0.363
0.363
0.363
0.363
0.363
0.363
0.363
0.363
0.363
0.363
0.363
"Kelly.jpg","kelly.wav",#2012-01-05 19:38:31#
"T","I feel tender towards this person"
0.2816
"Kelly.jpg","kelly.wav",#2012-01-05 19:38:36#
"D","I felt distressed by this person's suffering"
0.9277
"Kelly.jpg","kelly.wav",#2012-01-05 19:38:40#
"I","My personal morals and values are similar to this person's morals and values    "
0.9639
"Kelly.jpg","kelly.wav",#2012-01-05 19:38:43#
"E","My position in society is similar to this person's position in society"
1
"Kelly.jpg","kelly.wav",#2012-01-05 19:38:46#
"N","This person really needs or needed help"
0.9699
"Kelly.jpg","kelly.wav",#2012-01-05 19:38:48#
"R","This person is or was responsible for their suffering"
0
"Kelly.jpg","kelly.wav",#2012-01-05 19:38:51#
"L","I would like to meet this person in real life"
1
"Jessica.jpg","jessica.wav",#2012-01-05 19:38:54#
"How tender do you feel in this moment?"
0.5
0.5
0.5
0.5
0.5
0.5
0.5
0.5
0.5
0.5
0.5
0.5
0.5
0.5
0.5
0.5
0.5
0.5
0.5
0.5
0.5
0.5
0.5
0.5
0.5
0.5
0.5
0.5
0.5
0.5
0.5
0.5
0.5
0.5
0.5
0.5
0.5
0.5
0.5
0.5
0.5
0.5
0.5
0.5
0.5
0.5
0.5
0.5
0.5
0.5
0.5
0.5
0.5
0.5
0.5
0.5
0.5
0.5
0.5
0.5
0.5
0.5
0.5
0.5
0.5
0.5
0.5
0.5
0.5
0.5
0.5
0.5
0.5
0.5
0.5
0.5
0.5
0.5
0.5
0.5
0.5
0.5
0.5
0.5
0.5
0.5
0.5
0.5
0.5
0.5
0.5
0.5
0.5
0.5
0.5
0.5
0.5
0.5
0.5
0.5
0.5
0.5
0.5
0.5
0.5
0.5
0.5
0.5
0.5
0.5
0.5
0.5
0.5
0.5
0.5
0.5
0.5
0.5
0.5
0.5
0.5
0.5
0.5
0.5
0.5
0.5
0.5
0.5
0.5
0.5
0.5
0.5
0.5
0.5
0.5
0.5
0.5
0.5
0.5
0.5
0.5
0.5
0.5
0.5
0.5
0.5
0.5
0.5
0.5
0.5
0.5
0.5
0.5
0.5
0.5
0.5
0.5
0.5
0.5
0.5
0.5
0.5
0.5
0.5
0.5
0.5
0.5
0.5
0.5
0.5
0.5
0.5
0.5
0.5
0.5
0.5
0.5
0.5
0.5
0.5
0.5
0.5
0.5
0.5
0.5
0.5
0.5
0.5
0.5
0.5
0.5
0.5
0.5
0.5
0.5
0.5
0.5
0.5
0.5
0.5
0.5
0.5
0.5
0.5
0.5
0.5
0.5
0.5
0.5
0.5
0.5
0.5
0.5
0.5
0.5
0.5
0.5
0.5
0.5
0.5
0.5
0.5
0.5
0.5
0.5
0.5
0.5
0.5
0.5
0.5
0.5
0.5
0.5
0.5
0.5
0.5
0.5
0.5
0.5
0.5
0.5
0.5
0.5
0.5
0.5
0.5
0.5
0.5
0.5
0.5
0.5
0.5
0.5
0.5
0.5
0.5
0.5
0.5
0.5
0.5
0.5
0.5
0.5
0.5
0.5
0.5
0.5
0.5
0.5
0.5
0.5
0.5
0.5
0.5
0.5
0.5
0.5
0.5
0.5
0.5
0.5
0.5
0.5
0.5
0.5
0.5
0.5
0.5
0.5
0.5
0.5
0.5
0.5
0.5
0.5
0.5
0.5
0.5
0.5
0.5
0.5
0.5
0.5
0.5
0.5
0.5
0.5
0.5
0.5
0.5
0.5
0.5
0.5
0.5
0.5
0.5
0.5
0.5
0.5
0.5
0.5
0.5
0.5
0.5
0.5
0.5
0.5
0.5
0.5
0.5
0.5
0.5
0.5
0.5
0.5
0.5
0.5
0.5
0.5
0.5
0.5
0.5
0.5
0.5
0.5
0.5
0.5
0.5
0.5
0.5
0.5
0.5
0.5
0.5
0.5
0.5
0.5
0.5
0.5
0.5
0.5
0.5
0.5
0.5
0.5
0.5
0.5
0.5
0.5
0.5
0.5
0.5
0.5
0.5
0.5
0.5
0.5
0.5
0.5
0.5
0.5
0.5
0.5
0.5
0.5
0.5
0.5
0.5
0.5
0.5
0.5
0.5
0.5
0.5
0.5
0.5
0.5
0.5
0.5
0.5
0.5
0.5
0.5
0.5
0.5
0.5
0.5
0.5
0.5
0.5
0.5
0.5
0.5
0.5
0.5
0.5196
0.5361
0.5437
0.5437
0.5437
0.5437
0.5437
0.5437
0.5437
0.5437
0.5437
0.5437
0.5437
0.5437
0.5437
0.5437
0.5437
0.5437
0.5437
0.5437
0.5437
0.5437
0.5437
0.5437
0.5437
0.5437
0.5437
0.5437
0.5437
0.5527
0.5633
0.5783
"Jessica.jpg","jessica.wav",#2012-01-05 19:39:32#
"T","I feel tender towards this person"
0.6491
"Jessica.jpg","jessica.wav",#2012-01-05 19:39:33#
"D","I felt distressed by this person's suffering"
0.5
"Jessica.jpg","jessica.wav",#2012-01-05 19:39:36#
"I","My personal morals and values are similar to this person's morals and values    "
1
"Jessica.jpg","jessica.wav",#2012-01-05 19:39:45#
"E","My position in society is similar to this person's position in society"
1
"Jessica.jpg","jessica.wav",#2012-01-05 19:39:51#
"N","This person really needs or needed help"
1
"Jessica.jpg","jessica.wav",#2012-01-05 19:39:54#
"R","This person is or was responsible for their suffering"
0
"Jessica.jpg","jessica.wav",#2012-01-05 19:39:58#
"L","I would like to meet this person in real life"
1
"Crystalhays.jpg","crystal.wav",#2012-01-05 19:40:02#
"How distressed do you feel in this moment?"
0.5
0.5
0.5
0.5
0.5
0.5
0.5
0.5
0.5
0.5
0.5
0.5
0.5
0.5
0.5
0.5
0.5
0.5
0.5
0.5
0.5
0.5
0.5
0.5
0.5
0.5
0.5
0.5
0.5
0.5
0.5
0.5
0.5
0.5
0.5
0.5
0.5
0.5
0.5
0.5
0.5
0.5
0.5
0.5
0.5
0.5
0.5
0.5
0.5
0.5
0.5
0.5
0.5
0.5
0.5
0.5
0.5
0.5
0.5
0.5
0.5
0.5
0.5
0.5
0.5
0.5
0.5
0.5
0.5
0.5
0.5
0.5
0.5
0.5
0.5
0.5
0.5
0.5
0.5
0.5
0.5
0.5
0.5
0.5
0.5
0.5
0.5
0.5
0.5
0.5
0.5
0.5
0.5
0.5
0.5
0.5
0.5
0.5
0.5
0.5
0.5
0.5
0.5
0.5
0.5
0.5
0.5
0.5
0.5
0.5
0.5
0.5
0.3825
0.2636
0.2169
0.1913
0.1687
0.1627
0.1627
0.1627
0.1627
0.1627
0.1657
0.1657
0.1657
0.1687
0.1747
0.1913
0.1973
0.2018
0.2063
0.2726
0.3343
0.3373
0.3373
0.3373
0.3373
0.3373
0.3373
0.3373
0.3373
0.3298
0.3133
0.3057
0.2892
0.2816
0.2816
0.2816
0.2816
0.2816
0.2816
0.2816
0.2816
0.2816
0.2816
0.2816
0.2816
0.2816
0.2816
0.2816
0.2816
0.2816
0.2816
0.2816
0.2816
0.2816
0.2816
0.2816
0.2816
0.2816
0.2816
0.2816
0.2816
0.2816
0.2816
0.2816
0.2816
0.2816
0.2816
0.2816
0.2816
0.2816
0.2816
0.2816
0.2816
0.2816
0.2816
0.2816
0.2816
0.2816
0.2816
0.2816
0.2816
0.2816
0.2816
0.2816
0.2816
0.2816
0.2816
0.2816
0.2816
0.2816
0.2816
0.2816
0.2816
0.2816
0.2816
0.2816
0.2816
0.2816
0.2816
0.2816
0.2816
0.2816
0.2816
0.2816
0.2816
0.2816
0.2816
0.2816
0.2816
0.2816
0.2816
0.2816
0.2816
0.2816
0.2816
0.2816
0.2816
0.2816
0.2816
0.2816
0.2816
0.2816
0.2816
0.2816
0.2816
0.2816
0.2816
0.2816
0.2816
0.2816
0.2816
0.2816
0.2816
0.2816
0.2816
0.2816
0.2816
0.2816
0.2816
0.2816
0.2816
0.2816
0.2816
0.2816
0.2816
0.2816
0.2816
0.2816
0.2816
0.2816
0.2816
0.2816
0.2816
0.2816
0.2816
0.2816
0.2816
0.2816
0.2816
0.2816
0.2816
0.2816
0.2816
0.2816
0.2816
0.2816
0.2816
0.2816
0.2816
0.2816
0.2816
0.2816
0.2816
0.2816
0.2816
0.2816
0.2816
0.2816
0.2816
0.2816
0.2816
0.2816
0.2816
0.2816
0.2816
0.2816
0.2816
0.2816
0.2816
0.2816
0.2816
0.2816
0.2816
0.2816
0.2816
0.2816
0.2816
0.2816
0.2816
0.2816
0.2816
0.2816
0.2816
0.2816
0.2816
0.2816
0.2816
0.2816
0.2816
0.2816
0.2816
0.2816
0.2816
0.2816
0.2816
0.2816
0.2816
0.2816
0.2816
0.2816
0.2816
0.2816
0.2816
0.2816
0.2816
0.2816
0.2816
0.2816
0.2816
0.2816
0.2816
0.2816
0.2816
0.2816
0.2816
0.2816
0.2816
0.2816
0.2816
0.2816
0.2816
0.2816
0.2816
0.2816
0.2816
0.2816
0.2816
0.2816
0.2816
0.2816
0.2816
0.2816
0.2816
0.2816
0.2816
0.2816
0.2816
0.2816
0.2816
0.2816
0.2816
0.2816
0.2816
0.2816
0.2816
0.2816
0.2816
0.2816
0.2816
0.2816
0.2816
0.2816
0.2816
0.2816
0.2816
0.2816
0.2816
0.2816
0.2816
0.2816
0.2816
0.2816
0.2816
0.2816
0.2816
0.2816
0.2816
0.2816
0.2816
0.3012
0.3765
0.3795
0.3795
0.3795
0.3795
0.3765
0.3614
0.3539
0.3539
0.3539
0.3509
0.3494
0.3464
0.3449
0.3419
0.3419
0.3404
0.3404
0.3404
0.3404
0.3404
0.3404
0.3404
0.3404
0.3404
0.3404
0.3404
0.3283
0.3148
0.3133
0.3133
0.3133
0.3133
0.3087
0.3027
0.2997
0.2967
0.2922
0.2907
0.2877
0.2877
0.2877
0.2877
0.2877
0.2877
"Crystalhays.jpg","crystal.wav",#2012-01-05 19:40:39#
"T","I feel tender towards this person"
0.7636
"Crystalhays.jpg","crystal.wav",#2012-01-05 19:40:44#
"D","I felt distressed by this person's suffering"
0
"Crystalhays.jpg","crystal.wav",#2012-01-05 19:40:47#
"I","My personal morals and values are similar to this person's morals and values    "
0.5
"Crystalhays.jpg","crystal.wav",#2012-01-05 19:40:50#
"E","My position in society is similar to this person's position in society"
1
"Crystalhays.jpg","crystal.wav",#2012-01-05 19:40:57#
"N","This person really needs or needed help"
0.8117
"Crystalhays.jpg","crystal.wav",#2012-01-05 19:41:00#
"R","This person is or was responsible for their suffering"
0
"Crystalhays.jpg","crystal.wav",#2012-01-05 19:41:05#
"L","I would like to meet this person in real life"
0.9623
"coalitionforthehomeless7.jpg","jesse.wav",#2012-01-05 19:41:09#
"How tender do you feel in this moment?"
0.5
0.5
0.5
0.5
0.5
0.5
0.5
0.5
0.5
0.5
0.5
0.5
0.5
0.5
0.5
0.5
0.5
0.5
0.5
0.5
0.5
0.5
0.5
0.5
0.5
0.5
0.5
0.5
0.5
0.5
0.5
0.5
0.5
0.5
0.5
0.5
0.5
0.5
0.5
0.5
0.5
0.5
0.5
0.5
0.5181
0.5678
0.5828
0.5828
0.5828
0.5828
0.5828
0.6416
0.7123
0.7229
0.7229
0.7229
0.7259
0.7349
0.738
0.738
0.738
0.738
0.738
0.738
0.762
0.7741
0.7771
0.7771
0.7771
0.7771
0.7771
0.8102
0.8976
0.9217
0.9292
0.9307
0.9307
0.9307
0.9307
0.9307
0.9307
0.9307
0.9307
0.9307
0.9307
0.9337
0.9337
0.9337
0.9337
0.9337
0.9337
0.9337
0.9337
0.9337
0.9337
0.9337
0.9337
0.9337
0.9337
0.9337
0.9337
0.9383
0.9473
0.9503
0.9503
0.9503
0.9503
0.9503
0.9503
0.9503
0.9533
0.9669
0.9699
0.9699
0.9699
0.9699
0.9684
0.9654
0.9608
0.9593
0.9578
0.9578
0.9578
0.9578
0.9578
0.9578
0.9578
0.9578
0.9578
0.9578
0.9578
0.9578
0.9578
0.9578
0.9578
0.9578
0.9578
0.9578
0.9578
0.9578
0.9578
0.9578
0.9578
0.9578
0.9578
0.9578
0.9578
0.9578
0.9578
0.9578
0.9578
0.9578
0.9578
0.9578
0.9578
0.9578
0.9578
0.9578
0.9578
0.9578
0.9578
0.9578
0.9578
0.9578
0.9578
0.9578
0.9578
0.9578
0.9578
0.9578
0.9578
0.9578
0.9578
0.9578
0.9578
0.9578
0.9578
0.9578
0.9578
0.9578
0.9578
0.9578
0.9578
0.9578
0.9578
0.9578
0.9578
0.9578
0.9578
0.9578
0.9578
0.9578
0.9578
0.9578
0.9578
0.9578
0.9578
0.9578
0.9578
0.9578
0.9578
0.9578
0.9578
0.9578
0.9578
0.9578
0.9578
0.9578
0.9578
0.9578
0.9578
0.9578
0.9578
0.9578
0.9578
0.9578
0.9578
0.9578
0.9578
0.9578
0.9578
0.9578
0.9578
0.9578
0.9578
0.9578
0.9578
0.9578
0.9578
0.9578
0.9578
0.9578
0.9578
0.9578
0.9578
0.9578
0.9578
0.9578
0.9578
0.9578
0.9578
0.9578
0.9578
0.9578
0.9578
0.9578
0.9578
0.9578
0.9578
0.9578
0.9578
0.9578
0.9578
0.9578
0.9578
0.9578
0.9578
0.9578
0.9578
0.9578
0.9578
0.9578
0.9578
0.9578
0.9578
0.9578
0.9578
0.9578
0.9578
0.9578
0.9578
0.9578
0.9578
0.9578
0.9578
0.9578
0.9578
0.9578
0.9578
0.9578
0.9578
0.9578
0.9578
0.9578
0.9578
0.9578
0.9578
0.9578
0.9578
0.9578
0.9578
0.9578
0.9578
0.9578
0.9578
0.9578
0.9578
0.9578
0.9578
0.9578
0.9578
0.9578
0.9578
0.9578
0.9578
0.9578
0.9578
0.9578
0.9578
0.9578
0.9578
0.9578
0.9578
0.9578
0.9578
0.9578
0.9578
0.9578
0.9578
0.9578
0.9578
0.9578
0.9578
0.9578
0.9578
0.9578
0.9578
0.9578
0.9578
0.9578
0.9578
0.9578
0.9578
0.9578
0.9578
0.9578
0.9578
0.9578
0.9578
0.9578
0.9578
0.9578
0.9578
0.9578
0.9578
0.9578
0.9578
0.9578
0.9578
0.9578
0.9578
0.9578
0.9578
0.9578
0.9578
0.9578
0.9578
0.9578
0.9578
0.9578
0.9578
0.9578
0.9578
0.9578
0.9578
0.9578
0.9578
0.9578
0.9578
0.9578
0.9578
0.9578
0.9578
0.9578
0.9578
0.9578
0.9578
0.9578
0.9578
0.9578
0.9578
0.9578
0.9578
0.9578
0.9578
0.9578
0.9578
0.9578
0.9578
0.9578
0.9578
0.9578
0.9578
0.9578
0.9578
0.9578
0.9578
0.9578
0.9578
0.9578
0.9578
0.9578
0.9578
0.9578
0.9578
0.9578
0.9578
0.9578
0.9578
0.9578
0.9578
0.9578
0.9578
0.9578
0.9578
0.9578
0.9578
0.9578
0.9578
0.9578
0.9578
0.9578
0.9578
0.9578
0.9578
0.9578
0.9578
0.9578
0.9578
0.9578
0.9578
0.9578
0.9578
0.9578
0.9578
0.9578
0.9578
0.9578
0.9578
0.9578
0.9578
0.9578
0.9578
0.9578
0.9578
0.9578
0.9578
"coalitionforthehomeless7.jpg","jesse.wav",#2012-01-05 19:41:45#
"T","I feel tender towards this person"
0.6807
"coalitionforthehomeless7.jpg","jesse.wav",#2012-01-05 19:41:45#
"D","I felt distressed by this person's suffering"
0.503
"coalitionforthehomeless7.jpg","jesse.wav",#2012-01-05 19:41:49#
"I","My personal morals and values are similar to this person's morals and values    "
1
"coalitionforthehomeless7.jpg","jesse.wav",#2012-01-05 19:41:54#
"E","My position in society is similar to this person's position in society"
0.9036
"coalitionforthehomeless7.jpg","jesse.wav",#2012-01-05 19:41:57#
"N","This person really needs or needed help"
1
"coalitionforthehomeless7.jpg","jesse.wav",#2012-01-05 19:42:03#
"R","This person is or was responsible for their suffering"
0.1431
"coalitionforthehomeless7.jpg","jesse.wav",#2012-01-05 19:42:06#
"L","I would like to meet this person in real life"
1
"Destainie.jpg","destiny.wav",#2012-01-05 19:42:09#
"How distressed do you feel in this moment?"
0.5
0.5
0.5
0.5
0.5
0.5
0.5
0.5
0.5
0.5
0.5
0.5
0.5
0.5
0.5
0.5
0.5
0.5
0.5
0.5
0.5
0.5
0.5
0.5
0.5
0.5
0.5
0.5
0.5
0.5
0.5
0.5
0.5
0.5
0.5
0.5
0.5
0.5
0.5
0.5
0.5
0.5
0.5
0.5
0.5
0.5
0.5
0.5
0.5
0.5
0.5
0.5
0.5
0.5
0.5
0.5
0.5
0.5
0.5
0.5
0.5
0.5
0.5
0.5
0.5
0.5
0.5
0.5
0.5
0.5
0.5
0.5
0.5
0.5
0.5
0.5
0.5
0.5
0.5
0.5
0.5
0.5
0.5
0.5
0.5
0.5
0.5
0.5
0.5
0.5
0.5
0.5
0.5
0.5
0.5
0.5
0.5
0.5
0.5
0.5
0.5
0.5
0.5
0.5
0.5
0.5
0.5
0.5
0.5
0.5
0.5
0.5
0.5
0.5
0.5
0.5
0.5
0.5
0.5
0.5
0.5
0.5
0.5
0.5
0.5
0.5
0.5
0.5
0.5
0.5
0.5
0.5
0.5
0.5
0.5
0.5
0.5
0.5
0.5
0.5
0.5
0.5
0.5
0.5
0.5
0.5
0.5
0.5
0.5
0.5
0.5
0.5
0.5
0.5
0.5
0.5
0.5
0.5
0.5
0.5
0.5
0.5
0.5
0.5
0.5
0.5
0.5
0.5
0.5
0.5
0.5
0.5
0.5
0.5
0.5
0.5
0.5
0.5
0.5
0.5
0.5
0.5
0.5
0.5
0.5
0.5
0.5
0.5
0.5
0.5
0.5
0.5
0.5
0.5
0.5
0.5
0.5
0.5
0.5
0.5542
0.6069
0.6325
0.6521
0.6672
0.6687
0.6687
0.6687
0.6687
0.6687
0.6687
0.6687
0.6687
0.6687
0.6687
0.6687
0.6687
0.6687
0.6687
0.6687
0.6687
0.6687
0.6687
0.6687
0.6687
0.6687
0.6687
0.6687
0.6687
0.6687
0.6687
0.6687
0.6687
0.6687
0.6687
0.6687
0.6687
0.6687
0.6687
0.6687
0.6687
0.6687
0.6687
0.6687
0.6687
0.6687
0.6687
0.6687
0.6687
0.6687
0.6687
0.6687
0.6687
0.6687
0.6687
0.6687
0.6687
0.6687
0.6687
0.6687
0.6687
0.6687
0.6687
0.6687
0.6687
0.6687
0.6687
0.6687
0.6687
0.6687
0.6687
0.6687
0.6687
0.6235
0.5723
0.5527
0.5377
0.5181
0.512
0.4985
0.494
0.494
0.494
0.494
0.494
0.494
0.4669
0.4352
0.4292
0.4247
0.4232
0.4232
0.4232
0.4232
0.4232
0.4232
0.4232
0.4232
0.4232
0.4232
0.4232
0.4232
0.4232
0.4277
0.4292
0.4307
0.4337
0.4337
0.4337
0.4337
0.4337
0.4337
0.4337
0.4337
0.4337
0.4337
0.4337
0.4337
0.4337
0.4337
0.4337
0.4337
0.4337
0.4337
0.4337
0.4337
0.4337
0.4337
0.4337
0.4337
0.4337
0.4337
0.4337
0.4337
0.4337
0.4337
0.4337
0.4337
0.4337
0.4337
0.4337
0.4337
0.4337
0.4337
0.4337
0.4337
0.4337
0.4337
0.4337
0.4337
0.4337
0.4337
0.4337
0.4337
0.4337
0.4337
0.4337
0.4337
0.4337
0.4337
0.4337
0.4337
0.4337
0.4337
0.4337
0.4337
0.4337
0.4337
0.4337
0.4337
0.4337
0.4337
0.4337
0.4337
0.4337
0.4337
0.4337
0.4337
0.4337
0.4337
0.4337
0.4337
0.4337
0.4337
0.4337
0.4337
0.4337
0.4337
0.4337
0.4337
0.4337
0.4337
0.4337
0.4337
0.4337
0.4337
0.4337
0.4337
0.4337
0.4337
0.4337
0.4337
0.4337
0.4337
0.4337
0.4337
0.4337
0.4337
0.4337
0.4337
0.4337
0.4337
0.4337
0.4337
0.4337
0.4337
0.4337
0.4337
0.4337
0.4337
0.4337
0.4337
0.4337
0.4337
0.4337
0.4337
0.4337
0.4337
0.4337
0.4337
0.4337
0.4337
0.4337
0.4337
0.4337
0.4337
0.4337
0.4337
0.4337
0.4337
0.4337
0.4337
0.4337
0.4337
0.4337
0.4337
0.4337
0.4337
"Destainie.jpg","destiny.wav",#2012-01-05 19:42:47#
"T","I feel tender towards this person"
0.8419
"Destainie.jpg","destiny.wav",#2012-01-05 19:42:53#
"D","I felt distressed by this person's suffering"
0.7395
"Destainie.jpg","destiny.wav",#2012-01-05 19:42:56#
"I","My personal morals and values are similar to this person's morals and values    "
0.8524
"Destainie.jpg","destiny.wav",#2012-01-05 19:42:59#
"E","My position in society is similar to this person's position in society"
0.5587
"Destainie.jpg","destiny.wav",#2012-01-05 19:43:00#
"N","This person really needs or needed help"
0.5
"Destainie.jpg","destiny.wav",#2012-01-05 19:43:07#
"R","This person is or was responsible for their suffering"
0.0361
"Destainie.jpg","destiny.wav",#2012-01-05 19:43:09#
"L","I would like to meet this person in real life"
1
"Stacey.jpg","anthony.wav",#2012-01-05 19:43:13#
"How distressed do you feel in this moment?"
0.5
0.5
0.5
0.5
0.5
0.5
0.5
0.5
0.5
0.5
0.5
0.5
0.5
0.5
0.5
0.5
0.5
0.5
0.5
0.5
0.5
0.5
0.5
0.5
0.5
0.5
0.5
0.5
0.5
0.5
0.5
0.5
0.5
0.5
0.5
0.5
0.5
0.5
0.5
0.5
0.5
0.5
0.5
0.5
0.5
0.5
0.5
0.5
0.5
0.5
0.5
0.5
0.5
0.5
0.5
0.5
0.5
0.5
0.5
0.5
0.5
0.5
0.5
0.5
0.5
0.5
0.5
0.5
0.5
0.5
0.5
0.5
0.5
0.5
0.5
0.5166
0.5964
0.6642
0.7048
0.7259
0.7319
0.7319
0.7319
0.7319
0.7319
0.7319
0.759
0.8087
0.8328
0.8434
0.8584
0.869
0.872
0.872
0.872
0.872
0.872
0.872
0.872
0.872
0.872
0.872
0.872
0.8735
0.875
0.8765
0.878
0.884
0.8855
0.887
0.8901
0.8916
0.8916
0.8931
0.8931
0.8946
0.8946
0.8946
0.8946
0.8946
0.8946
0.8946
0.8946
0.8946
0.8946
0.8946
0.8946
0.8946
0.8946
0.8946
0.8946
0.8946
0.8946
0.8961
0.8991
0.9232
0.9367
0.9428
0.9458
0.9458
0.9458
0.9458
0.9458
0.9458
0.9533
0.9533
0.9533
0.9548
0.9578
0.9593
0.9593
0.9593
0.9593
0.9593
0.9593
0.9593
0.9548
0.9458
0.9307
0.9217
0.9157
0.9111
0.9096
0.9081
0.9066
0.9021
0.9006
0.8991
0.8976
0.8976
0.8976
0.8976
0.9021
0.9066
0.9096
0.9111
0.9142
0.9142
0.9142
0.9142
0.9142
0.9021
0.8931
0.8916
0.8916
0.8916
0.8886
0.884
0.881
0.881
0.887
0.8931
0.8961
0.8976
0.8991
0.8991
0.8991
0.8991
0.8991
0.8991
0.8991
0.8991
0.8991
0.8991
0.8991
0.8991
0.8991
0.8991
0.8991
0.8991
0.8991
0.8991
0.8991
0.8991
0.8991
0.8991
0.8991
0.8991
0.8991
0.8991
0.8991
0.8991
0.8991
0.8991
0.8991
0.8991
0.8991
0.8991
0.8991
0.8991
0.8991
0.8991
0.8991
0.8991
0.8991
0.8991
0.8991
0.8991
0.8991
0.8991
0.8991
0.8991
0.8991
0.8991
0.8991
0.8991
0.8991
0.8991
0.8991
0.8991
0.8991
0.8991
0.8991
0.8991
0.8991
0.8991
0.8991
0.8991
0.8991
0.8991
0.8991
0.8991
0.8991
0.8991
0.8991
0.8991
0.8991
0.8991
0.8991
0.8991
0.8991
0.8991
0.8991
0.8991
0.8991
0.8991
0.8991
0.8991
0.8991
0.8991
0.8991
0.8991
0.8991
0.8991
0.8991
0.8991
0.8991
0.8991
0.8991
0.8991
0.8991
0.8991
0.8991
0.8991
0.8991
0.8991
0.8991
0.8991
0.8991
0.8991
0.8991
0.8991
0.8991
0.8991
0.8991
0.8991
0.8991
0.8991
0.8991
0.8991
0.8991
0.8991
0.8991
0.8991
0.8991
0.8991
0.8991
0.8991
0.8991
0.8991
0.8991
0.8991
0.8991
0.8991
0.8991
0.8991
0.8991
0.8991
0.8991
0.8991
0.8991
0.8991
0.8991
0.8991
0.8991
0.8991
0.8991
0.8991
0.8991
0.8991
0.8991
0.8991
0.8991
0.8991
0.8991
0.8991
0.8991
0.8991
0.8991
0.8991
0.8991
0.8991
0.8991
0.8991
0.8991
0.8991
0.8991
0.8991
0.8991
0.8991
0.8991
0.8991
0.8991
0.8991
0.8991
0.8991
0.8991
0.8991
0.8991
0.8991
0.8991
0.8991
0.8991
0.8991
0.8991
0.8991
0.8991
0.8991
0.8991
0.8991
0.8991
0.8991
0.8991
0.8991
0.8991
0.8991
0.8991
0.8991
0.8991
0.8991
0.8991
0.8991
0.8991
0.8991
0.8991
0.8991
0.8991
0.8991
0.8991
0.8991
0.8991
0.8991
0.8991
0.8991
0.8991
0.8991
0.8991
0.8991
0.8991
0.8991
0.8991
0.8991
0.8991
0.8991
0.8991
0.8991
0.8991
0.8991
0.8991
0.8991
0.8991
0.8991
0.8991
0.8991
0.8991
0.8991
0.8991
0.8991
0.8991
0.8991
0.8991
0.8991
0.8991
0.8991
0.8991
0.8991
0.8991
0.8991
0.8991
0.8991
0.8991
0.8991
0.8991
0.8991
0.8991
0.8991
0.8991
"Stacey.jpg","anthony.wav",#2012-01-05 19:43:51#
"T","I feel tender towards this person"
0.9262
"Stacey.jpg","anthony.wav",#2012-01-05 19:43:56#
"D","I felt distressed by this person's suffering"
0.9021
"Stacey.jpg","anthony.wav",#2012-01-05 19:44:00#
"I","My personal morals and values are similar to this person's morals and values    "
1
"Stacey.jpg","anthony.wav",#2012-01-05 19:44:02#
"E","My position in society is similar to this person's position in society"
1
"Stacey.jpg","anthony.wav",#2012-01-05 19:44:07#
"N","This person really needs or needed help"
1
"Stacey.jpg","anthony.wav",#2012-01-05 19:44:12#
"R","This person is or was responsible for their suffering"
0.0045
"Stacey.jpg","anthony.wav",#2012-01-05 19:44:14#
"L","I would like to meet this person in real life"
1
"Jasmin.jpg","jasmine.wav",#2012-01-05 19:44:17#
"How distressed do you feel in this moment?"
0.5
0.5
0.5
0.5
0.5
0.5
0.5
0.5
0.5
0.5
0.5
0.5
0.5
0.5
0.5
0.5
0.5
0.5
0.5
0.5
0.5
0.5
0.5
0.5
0.5
0.5
0.5
0.5
0.5
0.5196
0.7801
1
1
1
1
1
1
1
1
1
1
1
1
1
1
1
1
1
1
1
1
1
1
1
1
1
1
1
1
1
1
1
1
1
1
1
1
1
1
1
1
1
1
1
1
1
1
1
1
1
1
1
1
1
1
1
1
1
1
1
1
1
1
1
1
1
1
1
1
1
1
1
1
1
1
1
1
1
1
1
1
1
1
1
1
1
1
1
1
1
1
1
1
1
1
1
1
1
1
1
1
1
1
1
1
1
1
1
1
1
1
1
1
1
1
1
1
1
1
1
1
1
1
1
1
1
1
1
1
1
1
1
1
1
1
1
1
1
1
1
1
1
1
1
1
1
1
1
1
1
1
1
1
1
1
1
1
1
1
1
1
1
1
1
1
1
1
1
1
1
1
1
1
1
1
1
1
1
1
1
1
1
1
1
1
1
1
1
1
1
1
1
1
1
1
1
1
1
1
1
1
1
1
1
1
1
1
1
1
1
1
1
1
1
1
1
1
1
1
1
1
1
1
1
1
1
1
1
1
1
1
1
1
1
1
1
1
1
1
1
1
1
1
1
1
1
1
1
1
1
1
1
1
1
1
1
1
1
1
1
1
1
1
1
1
1
1
1
1
1
1
1
1
1
1
1
1
1
1
1
1
1
1
1
1
1
1
1
1
1
1
1
1
1
1
1
1
1
1
1
1
1
1
1
1
1
1
1
1
1
1
1
1
1
1
1
1
1
1
1
1
1
1
1
1
1
1
1
1
1
1
1
1
1
1
1
1
1
1
1
1
1
1
1
1
1
1
1
1
1
1
1
1
1
1
1
1
1
1
1
1
1
1
1
1
1
1
1
1
1
1
1
1
1
1
1
1
1
1
1
1
1
1
1
1
1
1
1
1
1
0.8133
0.7545
0.7395
0.7937
0.9578
0.9819
1
1
1
1
1
1
1
1
1
1
1
1
1
1
1
1
1
1
1
1
1
"Jasmin.jpg","jasmine.wav",#2012-01-05 19:44:54#
"T","I feel tender towards this person"
1
"Jasmin.jpg","jasmine.wav",#2012-01-05 19:44:57#
"D","I felt distressed by this person's suffering"
1
"Jasmin.jpg","jasmine.wav",#2012-01-05 19:45:00#
"I","My personal morals and values are similar to this person's morals and values    "
1
"Jasmin.jpg","jasmine.wav",#2012-01-05 19:45:04#
"E","My position in society is similar to this person's position in society"
1
"Jasmin.jpg","jasmine.wav",#2012-01-05 19:45:07#
"N","This person really needs or needed help"
1
"Jasmin.jpg","jasmine.wav",#2012-01-05 19:45:10#
"R","This person is or was responsible for their suffering"
0
"Jasmin.jpg","jasmine.wav",#2012-01-05 19:45:14#
"L","I would like to meet this person in real life"
1
"coalitionforthehomeless4.jpg","bill.wav",#2012-01-05 19:45:18#
"How distressed do you feel in this moment?"
0.5
0.5
0.5
0.5
0.5
0.5
0.5
0.5
0.5
0.5
0.5
0.5
0.5
0.5
0.5
0.5
0.5
0.5
0.5
0.5
0.5
0.5
0.5
0.5
0.5
0.5
0.5
0.5
0.5
0.5
0.5
0.5
0.5
0.5
0.5
0.5
0.5
0.5
0.5
0.5
0.5
0.5
0.5
0.5
0.5
0.5
0.5
0.5
0.5
0.5
0.5
0.5
0.5
0.5
0.5
0.5
0.5
0.5
0.5
0.5
0.5
0.5
0.5
0.5
0.5
0.5
0.5
0.5
0.5
0.5
0.5
0.5
0.5
0.5
0.5
0.5
0.5
0.5
0.5
0.5
0.5
0.5
0.5
0.5
0.5
0.5
0.5
0.5
0.5
0.5
0.5
0.5
0.5
0.5
0.5
0.5
0.5
0.5
0.5
0.5
0.5
0.5
0.5
0.5
0.5
0.5
0.5
0.5
0.5
0.5
0.5
0.5
0.5
0.5
0.5
0.5
0.5
0.5
0.5
0.5
0.5
0.5
0.5
0.5
0.5
0.5
0.5
0.5
0.5
0.5
0.5
0.5
0.5
0.5
0.5
0.5
0.5
0.5
0.5
0.5
0.5
0.5
0.5
0.5
0.5
0.5
0.5
0.5
0.5
0.5
0.5
0.5
0.5
0.5
0.5
0.5
0.5
0.5
0.5
0.5
0.5
0.5
0.5
0.5
0.5
0.5
0.5
0.5
0.5
0.5
0.5
0.5
0.5
0.5
0.5
0.5
0.5
0.5
0.5
0.5
0.5
0.5
0.5
0.5
0.5
0.5
0.5
0.5
0.5
0.5
0.5
0.5
0.5
0.5
0.5
0.5
0.5
0.5
0.5
0.5
0.5
0.5
0.5
0.5
0.5
0.5
0.5
0.5
0.5
0.5
0.5
0.5
0.5
0.5
0.5
0.5
0.5
0.5
0.5
0.5
0.5
0.5
0.5
0.5
0.5
0.5
0.5
0.5
0.5
0.5
0.5
0.5
0.5
0.5
0.5
0.5
0.5
0.5
0.5
0.5
0.5
0.5
0.5
0.5
0.5
0.491
0.4608
0.4187
0.3569
0.2831
0.2756
0.2756
0.2756
0.2756
0.2877
0.3193
0.3373
0.3509
0.3539
0.3554
0.3554
0.3554
0.3554
0.3554
0.3524
0.3524
0.3524
0.3524
0.3524
0.3524
0.3524
0.3524
0.3524
0.3524
0.3524
0.3524
0.3524
0.3524
0.3524
0.3524
0.3524
0.3524
0.3524
0.3524
0.3524
0.3524
0.3524
0.3524
0.3524
0.3524
0.3524
0.3524
0.3524
0.3524
0.3524
0.3524
0.3524
0.3524
0.3524
0.3524
0.3524
0.3524
0.3524
0.3524
0.3524
0.3524
0.3524
0.3524
0.3524
0.3524
0.3524
0.3524
0.3524
0.3524
0.3524
0.3524
0.3524
0.3524
0.3524
0.3524
0.3524
0.363
0.3825
0.387
0.3901
0.3916
0.3916
0.3916
0.3916
0.3916
0.3916
0.3916
0.3916
0.3916
0.3916
0.3916
0.3916
0.3916
0.3916
0.3916
0.3916
0.3916
0.3916
0.4051
0.4699
0.5181
0.5301
0.5377
0.5482
0.5512
0.5497
0.5452
0.5407
0.5361
0.5331
0.5316
0.5286
0.5271
0.5271
0.5241
0.5136
0.506
0.503
0.5
0.5
0.5
0.5
0.5
0.5
0.5
0.5
0.5
0.5
0.5
0.5
0.5
0.5
0.5
0.5
0.5
0.5
0.5
0.5
0.5
0.5
0.5
0.5
0.5
0.5
0.5
0.5
0.5
0.5557
0.6175
0.6325
0.6325
0.6325
0.631
0.628
0.625
0.6205
0.619
0.616
0.6114
0.6069
0.6054
0.6024
0.5994
0.5964
0.5934
0.5934
0.5919
0.5889
0.5889
0.5889
0.5889
0.5889
0.5889
0.5889
0.5889
0.5889
0.5889
0.5889
0.5889
0.5889
0.5889
0.5889
0.5889
0.5889
0.5889
0.5889
0.5889
0.5889
0.5889
0.5889
0.5889
0.5889
0.5889
0.5889
0.5889
0.5889
0.5889
0.5889
0.5889
0.5889
0.5889
0.5889
"coalitionforthehomeless4.jpg","bill.wav",#2012-01-05 19:45:56#
"T","I feel tender towards this person"
0.6642
"coalitionforthehomeless4.jpg","bill.wav",#2012-01-05 19:46:00#
"D","I felt distressed by this person's suffering"
0.7169
"coalitionforthehomeless4.jpg","bill.wav",#2012-01-05 19:46:05#
"I","My personal morals and values are similar to this person's morals and values    "
0.5015
"coalitionforthehomeless4.jpg","bill.wav",#2012-01-05 19:46:08#
"E","My position in society is similar to this person's position in society"
0.7801
"coalitionforthehomeless4.jpg","bill.wav",#2012-01-05 19:46:12#
"N","This person really needs or needed help"
0.6657
"coalitionforthehomeless4.jpg","bill.wav",#2012-01-05 19:46:21#
"R","This person is or was responsible for their suffering"
0.7786
"coalitionforthehomeless4.jpg","bill.wav",#2012-01-05 19:46:24#
"L","I would like to meet this person in real life"
0.7123
"americancancersociety6.jpg","will.wav",#2012-01-05 19:46:28#
"How tender do you feel in this moment?"
0.5
0.5
0.5
0.5
0.5
0.5
0.5
0.5
0.5
0.5
0.5
0.5
0.5
0.5
0.5
0.5
0.5
0.5
0.5
0.5
0.5
0.5
0.5
0.5
0.5
0.5
0.5
0.5
0.5
0.5
0.5
0.5
0.5
0.5
0.5
0.5
0.5
0.5
0.5
0.5
0.5
0.5
0.5
0.5
0.5
0.5
0.5
0.5
0.5
0.5
0.5
0.5
0.5
0.5
0.5
0.5
0.5
0.5
0.5
0.5
0.5
0.5
0.5
0.5
0.5
0.5
0.5
0.5
0.5
0.5
0.5
0.5
0.5
0.5
0.5
0.5
0.5
0.5
0.5
0.5
0.5
0.5
0.5
0.5
0.5
0.5
0.5
0.5
0.5
0.5
0.5
0.5
0.5
0.5
0.5
0.5
0.5
0.5
0.5
0.5
0.5
0.5
0.5
0.5
0.5
0.5
0.5
0.5
0.5
0.5
0.5
0.5
0.5
0.5
0.5
0.5
0.5
0.5
0.5
0.5
0.5
0.5
0.5
0.5
0.5
0.5
0.5
0.5
0.5
0.5
0.5
0.5
0.5
0.5
0.5
0.5
0.5
0.5
0.5
0.5
0.5
0.5
0.5
0.5
0.5
0.5
0.5
0.5
0.5
0.5
0.5
0.5
0.5
0.5
0.5
0.5
0.5
0.5
0.5
0.5
0.5
0.5
0.5
0.5
0.5
0.5
0.5
0.5
0.5
0.5
0.5
0.5
0.5
0.5
0.5
0.5
0.5
0.5
0.5
0.5
0.5
0.5
0.5
0.5
0.5
0.5
0.5
0.5
0.5
0.5
0.5
0.5
0.5
0.5
0.5
0.5
0.5
0.5
0.5
0.5
0.5
0.5
0.5
0.5
0.5
0.5
0.5
0.5
0.5
0.5
0.5
0.5
0.5
0.5
0.5
0.5
0.5
0.5
0.5
0.5
0.5
0.5
0.5
0.5
0.5
0.5
0.5
0.5
0.5
0.5
0.5
0.5
0.5
0.5
0.5
0.5
0.5
0.5
0.5
0.5
0.5
0.5
0.5
0.5
0.5
0.5
0.5
0.5
0.5
0.5
0.5
0.5
0.5
0.5
0.5
0.5
0.5
0.5
0.5
0.5
0.5
0.5
0.5
0.5
0.5
0.5
0.5
0.5
0.5
0.5
0.5
0.5
0.5
0.5
0.5
0.5
0.5
0.5
0.5
0.5
0.5
0.5
0.5
0.5
0.5
0.5
0.5
0.5
0.5
0.5
0.5
0.5
0.5
0.5
0.5
0.5
0.5
0.5
0.5
0.5
0.5
0.5
0.5
0.5
0.5
0.5
0.5
0.5
0.5
0.5
0.5
0.5
0.5
0.5
0.5
0.5
0.5
0.5
0.5
0.5
0.5
0.5
0.5
0.5
0.5
0.5
0.5
0.5
0.5
0.5
0.5
0.5
0.5
0.5
0.5
0.5
0.5
0.5
0.5
0.5
0.5
0.5
0.5
0.5
0.5
0.5
0.5
0.5
0.5
0.506
0.5151
0.5271
0.5437
0.5542
0.5602
0.5617
0.5617
0.5617
0.5648
0.5663
0.5723
0.5723
0.5723
0.5723
0.5723
0.5723
0.5723
0.5723
0.5723
0.5723
0.5904
0.5934
0.5949
0.5979
0.6009
0.6039
0.6039
0.6039
0.6039
0.6054
0.6054
0.6054
0.6054
0.6054
0.6054
0.6054
0.6054
0.6054
0.6054
0.6069
0.6084
0.6099
0.6099
0.6099
0.6114
0.6114
0.6114
0.6114
0.6114
0.6114
0.6114
0.6114
0.6114
0.6114
0.6114
0.6114
0.6114
0.6114
0.6114
0.6114
0.6114
0.6114
0.6114
0.6114
0.6114
0.6114
0.6114
0.6114
0.6461
0.6687
0.6702
0.6702
0.6702
0.6702
0.6702
0.6702
0.6702
0.6702
0.6702
0.6702
0.6702
0.6702
0.6702
0.6702
0.6702
0.6702
0.6702
0.6702
0.6702
0.6702
0.6702
0.6702
0.6702
0.6702
0.6702
0.6702
0.6702
"americancancersociety6.jpg","will.wav",#2012-01-05 19:47:06#
"T","I feel tender towards this person"
0.7063
"americancancersociety6.jpg","will.wav",#2012-01-05 19:47:10#
"D","I felt distressed by this person's suffering"
0.6054
"americancancersociety6.jpg","will.wav",#2012-01-05 19:47:13#
"I","My personal morals and values are similar to this person's morals and values    "
0.6747
"americancancersociety6.jpg","will.wav",#2012-01-05 19:47:16#
"E","My position in society is similar to this person's position in society"
0.622
"americancancersociety6.jpg","will.wav",#2012-01-05 19:47:22#
"N","This person really needs or needed help"
0.491
"americancancersociety6.jpg","will.wav",#2012-01-05 19:47:26#
"R","This person is or was responsible for their suffering"
0.5768
"americancancersociety6.jpg","will.wav",#2012-01-05 19:47:28#
"L","I would like to meet this person in real life"
0.6581
"Natalie.jpg","natalie.wav",#2012-01-05 19:47:32#
"How distressed do you feel in this moment?"
0.5
0.5
0.5
0.5
0.5
0.5
0.5
0.5
0.5
0.5
0.5
0.5
0.5
0.5
0.5
0.5
0.5
0.5
0.5
0.5
0.5
0.5
0.5633
0.7139
0.8419
0.8419
0.8419
0.8419
0.8419
0.8419
0.8419
0.8584
0.9563
0.994
0.9985
0.9985
0.9985
0.9985
0.997
0.994
0.9819
0.9744
0.9699
0.9684
0.9669
0.9669
0.9669
0.9669
0.9669
0.9669
0.9669
0.9669
0.9669
0.9669
0.9669
0.9669
0.9669
0.9669
0.9669
0.9669
0.9669
0.9669
0.9669
0.9669
0.9669
0.9669
0.9669
0.9669
0.9669
0.9669
0.9669
0.9669
0.9669
0.9669
0.9669
0.9669
0.9669
0.9669
0.9669
0.9669
0.9669
0.9669
0.9669
0.9669
0.9669
0.9669
0.9669
0.9669
0.9669
0.9669
0.9669
0.9669
0.9669
0.9669
0.9669
0.9669
0.9669
0.9669
0.9669
0.9669
0.9669
0.9669
0.9669
0.9669
0.9669
0.9669
0.9669
0.9669
0.9669
0.9669
0.9669
0.9669
0.9669
0.9669
0.9669
0.9669
0.9669
0.9669
0.9669
0.9669
0.9669
0.9669
0.9669
0.9669
0.9669
0.9669
0.9669
0.9669
0.9669
0.9669
0.9669
0.9669
0.9669
0.9669
0.9669
0.9669
0.9669
0.9669
0.9669
0.9669
0.9669
0.9669
0.9669
0.9669
0.9669
0.9669
0.9669
0.9669
0.9669
0.9669
0.9669
0.9669
0.9669
0.9669
0.9669
0.9669
0.9669
0.9669
0.9669
0.9669
0.9669
0.9669
0.9669
0.9669
0.9669
0.9669
0.9669
0.9669
0.9669
0.9669
0.9669
0.9669
0.9669
0.9669
0.9669
0.9669
0.9669
0.9669
0.9669
0.9669
0.9669
0.9669
0.9669
0.9669
0.9669
0.9669
0.9669
0.9669
0.9669
0.9669
0.9669
0.9669
0.9669
0.9669
0.9669
0.9669
0.9669
0.9669
0.9669
0.9669
0.9669
0.9669
0.9669
0.9669
0.9669
0.9669
0.9669
0.9669
0.9669
0.9669
0.9669
0.9669
0.9669
0.9669
0.9669
0.9669
0.9669
0.9669
0.9669
0.9669
0.9669
0.9669
0.9669
0.9669
0.9669
0.9669
0.9669
0.9669
0.9669
0.9669
0.9669
0.9669
0.9669
0.9669
0.9669
0.9669
0.9669
0.9669
0.9669
0.9669
0.9669
0.9669
0.9669
0.9669
0.9669
0.9669
0.9669
0.9669
0.9669
0.9669
0.9669
0.9669
0.9669
0.9669
0.9669
0.9669
0.9669
0.9669
0.9669
0.9669
0.9669
0.9669
0.9669
0.9669
0.9669
0.9669
0.9669
0.9669
0.9669
0.9669
0.9669
0.9669
0.9669
0.9669
0.9669
0.9669
0.9669
0.9669
0.9669
0.9669
0.9669
0.9669
0.9669
0.9669
0.9669
0.9669
0.9669
0.9669
0.9669
0.9669
0.9669
0.9669
0.9669
0.9669
0.9669
0.9669
0.9669
0.9669
0.9669
0.9669
0.9669
0.9669
0.9669
0.9669
0.9669
0.9669
0.9669
0.9669
0.9669
0.9669
0.9669
0.9669
0.9669
0.9669
0.9669
0.9669
0.9669
0.9669
0.9669
0.9669
0.9669
0.9669
0.9669
0.9699
0.9744
0.9744
0.9759
0.9759
0.9759
0.9759
0.9759
0.9759
0.9759
0.9759
0.9759
0.9759
0.9759
0.9759
0.9759
0.9759
0.9759
0.9759
0.9759
0.9759
0.9759
0.9759
0.9759
0.9759
0.9759
0.9759
0.9759
0.9759
0.9759
0.9759
0.9759
0.9759
0.9759
0.9759
0.9759
0.9759
0.9759
0.9759
0.9759
0.9759
0.9759
0.9759
0.9759
0.9759
0.9759
0.9759
0.9759
0.9759
0.9759
0.9759
0.9759
0.9759
0.9759
0.9759
0.9759
0.9759
0.9759
0.9759
0.9759
0.9759
0.9759
0.9759
0.9759
0.9759
0.9759
0.9759
0.9759
0.9759
0.9759
0.9759
0.9759
0.9759
0.9759
0.9759
0.9759
0.9759
0.9759
0.9759
0.9759
0.9759
0.9759
0.9759
0.9759
0.9759
0.9759
0.9759
0.9759
0.9759
0.9759
0.9759
0.9759
0.9759
0.9759
0.9759
0.9759
0.9759
0.9759
0.9759
0.9759
0.9759
0.9759
0.9759
0.9759
0.9759
0.9759
0.9759
0.9759
0.9759
0.9759
0.9759
0.9759
0.9759
0.9759
0.9759
0.9759
0.9759
0.9759
0.9759
0.9759
0.9759
0.9759
0.9759
0.9759
"Natalie.jpg","natalie.wav",#2012-01-05 19:48:09#
"T","I feel tender towards this person"
1
"Natalie.jpg","natalie.wav",#2012-01-05 19:48:11#
"D","I felt distressed by this person's suffering"
1
"Natalie.jpg","natalie.wav",#2012-01-05 19:48:15#
"I","My personal morals and values are similar to this person's morals and values    "
0.9608
"Natalie.jpg","natalie.wav",#2012-01-05 19:48:18#
"E","My position in society is similar to this person's position in society"
0.8404
"Natalie.jpg","natalie.wav",#2012-01-05 19:48:21#
"N","This person really needs or needed help"
1
"Natalie.jpg","natalie.wav",#2012-01-05 19:48:26#
"R","This person is or was responsible for their suffering"
0
"Natalie.jpg","natalie.wav",#2012-01-05 19:48:28#
"L","I would like to meet this person in real life"
1
"paralyzedvets3.jpg","lance.wav",#2012-01-05 19:48:31#
"How tender do you feel in this moment?"
0.5
0.5
0.5
0.5
0.5
0.5
0.5
0.5
0.5
0.5
0.5
0.5
0.5
0.5
0.5
0.5
0.5
0.5
0.5
0.5
0.5
0.5
0.5
0.5
0.5
0.5
0.5
0.5
0.5
0.5
0.5
0.5
0.5
0.5
0.5
0.5
0.5
0.5
0.5
0.5
0.5
0.5
0.5
0.5
0.5
0.5
0.5
0.5
0.5
0.5
0.5
0.5
0.5
0.5
0.5
0.5
0.5
0.5
0.5
0.5
0.5
0.5
0.5
0.5
0.5
0.5
0.5
0.5
0.5
0.5
0.5
0.5
0.5
0.5
0.5
0.5
0.5
0.5
0.5
0.5
0.5
0.5
0.5
0.5
0.5
0.5
0.5
0.5
0.5
0.5
0.5
0.5
0.5
0.5
0.5
0.5
0.5
0.5
0.5
0.5
0.5
0.5
0.5
0.5
0.5
0.5
0.5
0.5
0.5
0.5
0.5
0.5
0.5
0.5
0.5
0.5
0.5
0.5
0.5
0.5
0.5
0.5
0.5
0.5
0.5
0.5
0.5
0.5
0.5
0.5
0.5
0.5
0.5
0.5
0.5
0.5
0.5
0.5
0.5
0.5
0.5
0.5
0.5
0.5
0.5
0.5
0.5
0.5
0.5
0.5
0.5
0.5
0.5
0.5
0.5
0.5271
0.5617
0.613
0.6476
0.6717
0.6747
0.6747
0.6747
0.6747
0.6747
0.6747
0.6747
0.6747
0.6747
0.6747
0.6747
0.6747
0.6747
0.6747
0.6747
0.6747
0.6747
0.6747
0.6747
0.6747
0.6747
0.6747
0.6747
0.6747
0.6747
0.6747
0.6747
0.6747
0.6747
0.6747
0.6747
0.6732
0.6717
0.6717
0.6717
0.6717
0.6717
0.6717
0.6717
0.6717
0.6717
0.6717
0.6717
0.6717
0.6717
0.6717
0.6717
0.6717
0.6717
0.6717
0.6717
0.6717
0.6717
0.6717
0.6717
0.6717
0.6717
0.6717
0.6717
0.6717
0.6717
0.6837
0.6973
0.7003
0.7033
0.7063
0.7093
0.7108
0.7169
0.7199
0.7199
0.7199
0.7199
0.7199
0.7199
0.7274
0.744
0.75
0.7515
0.7515
0.7515
0.7515
0.7515
0.7515
0.7515
0.753
0.7545
0.7575
0.759
0.762
0.7636
0.7666
0.7666
0.7666
0.7666
0.7666
0.7666
0.7666
0.7666
0.7666
0.7666
0.7666
0.7666
0.7666
0.7666
0.7666
0.7666
0.7666
0.7666
0.7666
0.7666
0.7666
0.7666
0.7666
0.7666
0.7666
0.7666
0.7666
0.7666
0.7666
0.7666
0.7666
0.7666
0.7666
0.7666
0.7666
0.7666
0.7666
0.7666
0.7666
0.7666
0.7666
0.7666
0.7666
0.7666
0.7666
0.7666
0.7666
0.7666
0.7666
0.7666
0.7666
0.7666
0.7666
0.7666
0.7666
0.7666
0.7666
0.7666
0.7666
0.7666
0.7666
0.7666
0.7666
0.7666
0.7666
0.7666
0.7666
0.7666
0.7666
0.7666
0.7666
0.7666
0.7666
0.7666
0.7666
0.7666
0.7666
0.7666
0.7666
0.7666
0.7666
0.7666
0.7666
0.7666
0.7666
0.7666
0.7666
0.7666
0.7666
0.7666
0.7666
0.7666
0.7666
0.7666
0.7666
0.7666
0.7666
0.7666
0.7666
0.7666
0.7666
0.7666
0.7666
0.7666
0.7666
0.7666
0.7666
0.7666
0.7666
0.7666
0.7666
0.7666
0.7666
0.7666
0.7666
0.7666
0.7666
0.7666
0.7666
0.7666
0.7666
0.7666
0.7666
0.7666
0.7666
0.7666
0.7666
0.7666
0.7666
0.7666
0.7666
0.7666
0.7666
0.7666
0.7666
0.7666
0.7666
0.7666
0.7666
0.7666
0.7666
0.7666
0.7666
0.7666
0.7666
0.7666
0.7666
0.7666
0.7666
0.7666
0.7666
0.7666
0.7666
0.7666
0.7666
0.7666
0.7666
0.7666
0.7666
0.7801
0.8102
0.8238
0.8298
0.8419
0.8479
0.8494
0.8524
0.8569
0.8675
0.8705
0.8705
0.8705
0.8705
0.8705
0.8705
0.872
0.8735
0.8735
0.8735
0.8735
0.8735
0.8735
0.8735
0.8735
0.8735
0.8735
0.8735
0.8735
0.8735
0.8735
0.8735
0.8735
0.8735
0.8735
0.8735
0.8735
"paralyzedvets3.jpg","lance.wav",#2012-01-05 19:49:24#
"T","I feel tender towards this person"
0.8434
"paralyzedvets3.jpg","lance.wav",#2012-01-05 19:49:29#
"D","I felt distressed by this person's suffering"
0.9774
"paralyzedvets3.jpg","lance.wav",#2012-01-05 19:49:32#
"I","My personal morals and values are similar to this person's morals and values    "
1
"paralyzedvets3.jpg","lance.wav",#2012-01-05 19:49:34#
"E","My position in society is similar to this person's position in society"
1
"paralyzedvets3.jpg","lance.wav",#2012-01-05 19:49:38#
"N","This person really needs or needed help"
1
"paralyzedvets3.jpg","lance.wav",#2012-01-05 19:49:42#
"R","This person is or was responsible for their suffering"
0
"paralyzedvets3.jpg","lance.wav",#2012-01-05 19:49:44#
"L","I would like to meet this person in real life"
1
"Fanny.jpg","fanny.wav",#2012-01-05 19:49:48#
"How tender do you feel in this moment?"
0.5
0.5
0.5
0.5
0.5
0.5
0.5
0.5
0.5
0.5
0.5
0.5
0.5
0.5
0.5
0.5
0.5
0.5
0.5
0.5
0.5
0.5
0.5
0.5
0.5
0.5
0.5
0.5
0.5
0.5
0.5
0.5
0.5
0.5
0.5
0.5
0.5
0.5
0.5
0.5
0.5
0.5
0.5
0.5
0.5
0.5
0.5
0.5
0.5
0.5
0.5
0.5
0.5
0.5
0.5
0.5
0.5
0.5
0.5
0.5
0.5
0.5
0.5
0.5
0.5
0.5
0.5
0.5
0.5
0.5
0.5
0.5
0.5
0.5
0.5
0.5
0.5
0.5
0.5
0.5
0.5
0.5
0.5
0.5
0.5
0.5
0.5
0.5
0.5
0.5
0.5
0.5
0.5
0.5
0.5
0.5
0.5
0.5
0.5
0.5
0.5
0.5
0.5
0.5
0.5
0.5
0.5
0.5
0.5
0.5
0.5
0.5
0.5
0.5
0.5
0.5
0.5
0.5
0.5
0.5
0.5
0.5
0.5
0.5
0.5
0.5
0.5
0.5
0.5
0.5
0.5
0.5
0.5
0.5
0.5
0.5
0.5
0.5
0.5
0.5
0.5
0.5
0.5
0.5
0.5
0.5
0.5
0.5301
0.5949
0.622
0.6235
0.6235
0.6235
0.6235
0.6235
0.6235
0.622
0.622
0.619
0.6175
0.6145
0.6099
0.6069
0.6069
0.6069
0.6069
0.6069
0.6325
0.6506
0.6536
0.6551
0.6551
0.6551
0.6551
0.6551
0.6551
0.6551
0.6551
0.6551
0.6551
0.6551
0.6551
0.6551
0.6551
0.6551
0.6551
0.6551
0.6551
0.6551
0.6551
0.6551
0.6551
0.6551
0.6551
0.6551
0.6551
0.6551
0.6551
0.6551
0.6551
0.6551
0.6551
0.6551
0.6551
0.6551
0.6551
0.6551
0.6551
0.6551
0.6551
0.6551
0.6551
0.6551
0.6551
0.6551
0.6551
0.6551
0.6551
0.6551
0.6551
0.6551
0.6551
0.6551
0.6551
0.6551
0.6551
0.6551
0.6551
0.6551
0.6551
0.6551
0.6551
0.6551
0.6551
0.6551
0.6551
0.6551
0.6551
0.6551
0.6762
0.6913
0.6928
0.6928
0.6928
0.6928
0.6928
0.6928
0.6928
0.6928
0.6928
0.6928
0.6928
0.6928
0.6928
0.6928
0.6928
0.6928
0.6928
0.6928
0.6928
0.6928
0.6928
0.6928
0.6928
0.6928
0.6928
0.6928
0.6928
0.6928
0.6928
0.6928
0.6928
0.6928
0.6928
0.6928
0.6928
0.6928
0.6928
0.6928
0.6928
0.6928
0.6928
0.6928
0.6928
0.6928
0.6928
0.6928
0.6928
0.6928
0.6928
0.6928
0.6928
0.6928
0.6928
0.6928
0.6928
0.6928
0.6928
0.6928
0.6928
0.6928
0.6928
0.6928
0.6928
0.6928
0.6928
0.6928
0.6928
0.6928
0.6928
0.6928
0.6928
0.6928
0.6928
0.6928
0.6928
0.6928
0.6928
0.6928
0.6928
0.6928
0.6928
0.6928
0.6928
0.6928
0.6928
0.6928
0.6928
0.6928
0.6928
0.6928
0.6928
0.6928
0.6928
0.6928
0.6928
0.6928
0.6928
0.6928
0.6928
0.6928
0.6928
0.6928
0.6928
0.6928
0.6928
0.6928
0.6928
0.6928
0.6928
0.6928
0.6928
0.6928
0.6928
0.6928
0.6928
0.6928
0.6928
0.6928
0.6928
0.6928
0.6928
0.6928
0.6928
0.6928
0.6928
0.6928
0.6928
0.6928
0.6928
0.6928
0.6928
0.6928
0.6928
0.6928
0.6928
0.6928
0.6928
0.6928
0.6928
0.6928
0.6928
0.6928
0.6928
0.6928
0.6928
0.6928
0.6928
0.6928
0.6928
0.6928
0.6928
0.6928
0.6928
0.6928
0.6928
0.6928
0.6928
0.6928
0.6928
0.6928
0.6928
0.6928
0.6928
0.6928
0.6928
0.6913
0.6898
0.6898
0.6898
0.6898
0.6898
0.6898
0.6898
0.6883
0.6883
0.6883
0.6883
0.6883
0.6883
0.6883
0.6883
0.6883
0.6883
0.6883
0.6883
0.6883
0.6883
0.6883
0.6883
0.6883
0.6883
0.6883
0.6883
0.6883
0.6883
0.6883
0.6883
0.6883
0.6883
0.6883
0.6883
0.6883
0.6883
0.6883
0.6883
0.6883
"Fanny.jpg","fanny.wav",#2012-01-05 19:50:29#
"T","I feel tender towards this person"
0.6672
"Fanny.jpg","fanny.wav",#2012-01-05 19:50:32#
"D","I felt distressed by this person's suffering"
0.6205
"Fanny.jpg","fanny.wav",#2012-01-05 19:50:36#
"I","My personal morals and values are similar to this person's morals and values    "
0.5286
"Fanny.jpg","fanny.wav",#2012-01-05 19:50:40#
"E","My position in society is similar to this person's position in society"
0.5813
"Fanny.jpg","fanny.wav",#2012-01-05 19:50:45#
"N","This person really needs or needed help"
0.5
"Fanny.jpg","fanny.wav",#2012-01-05 19:50:55#
"R","This person is or was responsible for their suffering"
0.6717
"Fanny.jpg","fanny.wav",#2012-01-05 19:50:59#
"L","I would like to meet this person in real life"
0.6069
"Ron.jpg","ron.wav",#2012-01-05 19:51:02#
"How tender do you feel in this moment?"
0.5
0.5
0.5
0.5
0.5
0.5
0.5
0.5
0.5
0.5
0.5
0.5
0.5
0.5
0.5
0.5
0.5
0.5
0.5
0.5
0.5
0.5
0.5
0.5
0.5
0.5
0.5
0.5
0.5
0.5
0.5
0.5
0.5
0.5
0.5
0.5
0.5
0.5
0.5
0.5
0.5
0.5
0.5
0.5
0.5
0.5
0.5
0.5
0.5
0.5
0.5
0.5
0.5
0.5
0.5
0.5
0.5
0.5045
0.512
0.5196
0.5271
0.5286
0.5286
0.5286
0.5256
0.5151
0.494
0.4714
0.4533
0.4383
0.4292
0.4202
0.4142
0.4127
0.4127
0.4127
0.4127
0.4127
0.4127
0.4127
0.4127
0.4127
0.4127
0.4127
0.4127
0.4127
0.4127
0.4127
0.4127
0.4127
0.4127
0.4127
0.4127
0.4127
0.4127
0.4127
0.4127
0.4127
0.4127
0.4127
0.4127
0.4127
0.4127
0.4127
0.4127
0.4127
0.4127
0.4127
0.4127
0.4127
0.4127
0.4127
0.4127
0.4127
0.4127
0.4127
0.4127
0.4127
0.4127
0.4127
0.4127
0.4127
0.4127
0.4127
0.4127
0.4127
0.4127
0.4127
0.4127
0.4127
0.4127
0.4127
0.4127
0.4127
0.4127
0.4127
0.4127
0.4127
0.4127
0.4127
0.4127
0.4127
0.4127
0.4127
0.4127
0.4127
0.4127
0.4127
0.4127
0.4127
0.4127
0.4127
0.4127
0.4127
0.4127
0.4127
0.4127
0.4127
0.4127
0.4127
0.4127
0.4127
0.4127
0.4127
0.4127
0.4127
0.4127
0.4127
0.4127
0.4127
0.4127
0.4127
0.4127
0.4127
0.4127
0.4127
0.4127
0.4127
0.4127
0.4127
0.4127
0.4127
0.4127
0.4127
0.4127
0.4127
0.4127
0.4127
0.4127
0.4127
0.4127
0.4127
0.4127
0.4127
0.4127
0.4127
0.4127
0.4127
0.4127
0.4127
0.4127
0.4127
0.4127
0.4127
0.4127
0.4127
0.4127
0.4127
0.4127
0.4127
0.4127
0.4127
0.4127
0.4127
0.4127
0.4127
0.4127
0.4127
0.4127
0.4127
0.4127
0.4127
0.4127
0.4127
0.4127
0.4127
0.4127
0.4127
0.4127
0.4127
0.4127
0.4127
0.4127
0.4127
0.4127
0.4127
0.4127
0.4127
0.4127
0.4127
0.3961
0.381
0.381
0.381
0.381
0.381
0.381
0.381
0.381
0.384
0.3886
0.3916
0.3931
0.3931
0.3931
0.3946
0.3946
0.3976
0.3976
0.3976
0.3976
0.3976
0.3976
0.3976
0.3976
0.3976
0.3976
0.3976
0.3976
0.3976
0.3976
0.3976
0.3976
0.3976
0.3976
0.3976
0.3976
0.3976
0.3976
0.3976
0.3976
0.3976
0.3976
0.3976
0.3976
0.3976
0.3976
0.3976
0.3976
0.3976
0.3976
0.3976
0.3976
0.3976
0.3976
0.3976
0.3976
0.3976
0.3976
0.3976
0.3976
0.3976
0.3976
0.3976
0.3976
0.3976
0.3976
0.3976
0.3976
0.3976
0.3976
0.3976
0.3976
0.3976
0.3976
0.3976
0.3976
0.3976
0.3976
0.3976
0.3976
0.3976
0.3976
0.3976
0.3976
0.3976
0.3976
0.3976
0.3976
0.3976
0.3976
0.3976
0.3976
0.3976
0.3976
0.3976
0.3976
0.3976
0.3976
0.3976
0.3976
0.3976
0.3976
0.3976
0.3976
0.3976
0.3976
0.3976
0.3976
0.3976
0.3976
0.3976
0.3976
0.3976
0.3976
0.3976
0.3976
0.3976
0.3976
0.3976
0.3976
0.3976
0.3976
0.3976
0.3976
0.3976
0.3976
0.3976
0.3976
0.3976
0.3976
0.3976
0.3976
0.3976
0.3976
0.3976
0.3976
0.3976
0.3976
0.3976
0.3976
0.3976
0.3976
0.3976
0.3976
0.3976
0.3976
0.3976
0.3976
0.3976
0.3976
0.3976
0.3976
0.3976
0.4021
0.4096
0.4142
0.4187
0.4337
0.4398
0.4398
0.4398
0.4398
0.4398
0.4398
0.4398
0.4398
0.4398
0.4398
0.4398
0.4398
0.4398
0.4398
0.4398
0.4398
0.4398
0.4398
0.4398
0.4398
0.4398
0.4398
0.4398
0.4398
0.4398
0.4398
0.4398
0.4398
0.4398
0.4398
0.4398
0.4398
0.4398
0.4398
0.4398
0.4398
0.4398
0.4398
0.4398
0.4398
0.4398
0.4398
0.4398
0.4398
0.4398
0.4398
0.4398
0.4398
"Ron.jpg","ron.wav",#2012-01-05 19:51:40#
"T","I feel tender towards this person"
0.7334
"Ron.jpg","ron.wav",#2012-01-05 19:51:44#
"D","I felt distressed by this person's suffering"
0.6792
"Ron.jpg","ron.wav",#2012-01-05 19:51:49#
"I","My personal morals and values are similar to this person's morals and values    "
0.6702
"Ron.jpg","ron.wav",#2012-01-05 19:51:53#
"E","My position in society is similar to this person's position in society"
0.8645
"Ron.jpg","ron.wav",#2012-01-05 19:52:00#
"N","This person really needs or needed help"
0.3404
"Ron.jpg","ron.wav",#2012-01-05 19:52:05#
"R","This person is or was responsible for their suffering"
0.3012
"Ron.jpg","ron.wav",#2012-01-05 19:52:09#
"L","I would like to meet this person in real life"
0.7696
"coalitionforthehomeless6.jpg","ann.wav",#2012-01-05 19:52:12#
"How distressed do you feel in this moment?"
0.5
0.5
0.5
0.5
0.5
0.5
0.5
0.5
0.5
0.5
0.5
0.5
0.5
0.5
0.5
0.5
0.5
0.5
0.5
0.5
0.5
0.5
0.5
0.5
0.5
0.5
0.5
0.5
0.5
0.5
0.5
0.5
0.5
0.5
0.5
0.5
0.5
0.5
0.5
0.5
0.5
0.5
0.5
0.5
0.5
0.5
0.5
0.5
0.5
0.5
0.5
0.5
0.5
0.5
0.5
0.5
0.5
0.5
0.5
0.5
0.5
0.5
0.5
0.5
0.5
0.5
0.5
0.5
0.5
0.5
0.5
0.5
0.5
0.5
0.5
0.5
0.5
0.5
0.5
0.5
0.5
0.5
0.5
0.5
0.5
0.5
0.5
0.5
0.5
0.5
0.5
0.5
0.5
0.5
0.5
0.5
0.5
0.5
0.5
0.5
0.5
0.5
0.5
0.5
0.5
0.5
0.5
0.5
0.5
0.5
0.5
0.5
0.5
0.5
0.5
0.5
0.5
0.5
0.5
0.5
0.5
0.5
0.5
0.5
0.5
0.5
0.5
0.5
0.5
0.5
0.5
0.5
0.5
0.5
0.5
0.5
0.5
0.5
0.5
0.5
0.5
0.5
0.5
0.5
0.5
0.5
0.5
0.5
0.5
0.5
0.5
0.5
0.5
0.5
0.5
0.5
0.5
0.5
0.5
0.5
0.5
0.5
0.5
0.5
0.5
0.5
0.5
0.5
0.5
0.5
0.5
0.5
0.5
0.5
0.5
0.5
0.5
0.5
0.5
0.5
0.5
0.5
0.5
0.5
0.5
0.5
0.5
0.5
0.5
0.5
0.5
0.5
0.5
0.5
0.5
0.5
0.5
0.5
0.5
0.5
0.5
0.5
0.5
0.5
0.5
0.5
0.5
0.5
0.5
0.5
0.5
0.5
0.5
0.5
0.5
0.5
0.5
0.5
0.5
0.5
0.5
0.5
0.5
0.5
0.5
0.5
0.5
0.5
0.5
0.5
0.5
0.5
0.5
0.5
0.5
0.5
0.5
0.5
0.497
0.4955
0.4955
0.4955
0.4955
0.491
0.4864
0.4819
0.4819
0.4819
0.4819
0.4819
0.4819
0.4834
0.4864
0.491
0.5075
0.5256
0.5331
0.5346
0.5346
0.5346
0.5346
0.5346
0.5346
0.5316
0.5241
0.5211
0.5211
0.5211
0.5211
0.5211
0.5211
0.5196
0.5196
0.5196
0.5196
0.5196
0.5196
0.5196
0.5196
0.5196
0.5196
0.5196
0.5196
0.5196
0.5196
0.5196
0.5196
0.5196
0.5196
0.5196
0.5196
0.5196
0.5196
0.5196
0.5196
0.5196
0.5196
0.5196
0.5196
0.5196
0.5196
0.5196
0.5196
0.5196
0.5196
0.5196
0.5196
0.5196
0.5196
0.5196
0.5196
0.5196
0.5196
0.5196
0.5196
0.5196
0.5196
0.5196
0.5196
0.5196
0.5196
0.5196
0.5196
0.5196
0.5196
0.5196
0.5196
0.5196
0.5196
0.5196
0.5196
0.5196
0.5196
0.5196
0.5196
0.5196
0.5196
0.5196
0.5196
0.5196
0.5196
0.5196
0.5196
0.5196
0.5196
0.5196
0.5196
0.5196
0.5196
0.5196
0.5196
0.5196
0.5196
0.5196
0.5196
0.5196
0.5196
0.5196
0.5196
0.5271
0.5301
0.5316
0.5361
0.5437
0.5467
0.5482
0.5482
0.5497
0.5497
0.5497
0.5497
0.5497
0.5497
0.5497
0.5497
0.5497
0.5497
0.5497
0.5497
0.5497
0.5497
0.5497
0.5497
0.5497
0.5497
0.5497
0.5497
0.5497
0.5497
0.5497
0.5497
0.5497
0.5497
0.5497
0.5497
0.5497
0.5497
0.5497
0.5497
0.5497
0.5497
0.5497
0.5497
0.5497
0.5497
0.5497
0.5497
0.5497
0.5497
0.5497
0.5497
0.5497
0.5497
0.5497
0.5497
0.5497
0.5497
0.5497
0.5497
0.5497
0.5497
0.5497
0.5497
0.5497
0.5497
0.5497
0.5497
0.5497
0.5497
0.5497
0.5497
0.5497
0.5497
0.5497
0.5497
0.5497
0.5497
0.5497
0.5497
0.5497
0.5497
0.5497
0.5497
0.5497
0.5497
0.5497
0.5678
"coalitionforthehomeless6.jpg","ann.wav",#2012-01-05 19:52:52#
"T","I feel tender towards this person"
0.6205
"coalitionforthehomeless6.jpg","ann.wav",#2012-01-05 19:53:01#
"D","I felt distressed by this person's suffering"
0.6762
"coalitionforthehomeless6.jpg","ann.wav",#2012-01-05 19:53:06#
"I","My personal morals and values are similar to this person's morals and values    "
0.619
"coalitionforthehomeless6.jpg","ann.wav",#2012-01-05 19:53:09#
"E","My position in society is similar to this person's position in society"
0.9036
"coalitionforthehomeless6.jpg","ann.wav",#2012-01-05 19:53:19#
"N","This person really needs or needed help"
0.3373
"coalitionforthehomeless6.jpg","ann.wav",#2012-01-05 19:53:27#
"R","This person is or was responsible for their suffering"
0.3705
"coalitionforthehomeless6.jpg","ann.wav",#2012-01-05 19:53:29#
"L","I would like to meet this person in real life"
0.8057
"amylambert.jpg","amy.wav",#2012-01-05 19:53:33#
"How tender do you feel in this moment?"
0.5
0.5
0.5
0.5
0.5
0.5
0.5
0.5
0.5
0.5
0.5
0.5
0.5
0.5
0.5
0.5
0.5
0.5
0.5
0.5
0.5
0.5
0.5
0.5
0.5
0.5
0.5
0.5
0.5
0.5
0.5
0.5
0.5
0.5
0.5
0.5
0.5
0.5
0.5
0.5
0.5
0.5
0.5
0.5
0.5
0.5
0.5
0.5
0.5
0.5
0.5
0.5
0.488
0.4157
0.3494
0.3117
0.3012
0.2997
0.2982
0.2982
0.2982
0.2982
0.2982
0.2982
0.2937
0.2892
0.2892
0.2846
0.2726
0.2711
0.2696
0.2636
0.2605
0.2575
0.2575
0.2575
0.2575
0.2575
0.2575
0.2575
0.2575
0.2575
0.2575
0.2575
0.2575
0.2575
0.2575
0.2575
0.2575
0.2575
0.2575
0.2575
0.2575
0.2575
0.2575
0.2575
0.2575
0.2575
0.2575
0.2575
0.2575
0.2575
0.2575
0.2575
0.2575
0.2575
0.2575
0.2575
0.2575
0.2575
0.2575
0.2575
0.2575
0.2575
0.2575
0.2575
0.2575
0.2575
0.2575
0.2575
0.2575
0.2575
0.2575
0.2575
0.2575
0.2575
0.2575
0.2575
0.2575
0.2575
0.2575
0.2575
0.2575
0.2575
0.2575
0.2575
0.2575
0.2575
0.2575
0.2575
0.2575
0.2575
0.2575
0.2575
0.2575
0.2575
0.2575
0.2575
0.2575
0.2575
0.2575
0.2575
0.2575
0.2575
0.2575
0.2575
0.2575
0.2575
0.2575
0.2575
0.2575
0.2575
0.2575
0.2575
0.2575
0.2575
0.2575
0.2575
0.2575
0.2575
0.2575
0.2575
0.2575
0.2575
0.2575
0.2575
0.2575
0.2575
0.2575
0.2575
0.2575
0.2575
0.2575
0.2575
0.2575
0.2575
0.2575
0.2575
0.2575
0.2575
0.2575
0.2575
0.2575
0.2575
0.2575
0.2575
0.2575
0.2575
0.2575
0.2575
0.2575
0.2575
0.2575
0.2575
0.2575
0.2575
0.2575
0.2575
0.2575
0.2575
0.2575
0.2575
0.2575
0.2575
0.2575
0.2575
0.2575
0.2575
0.2575
0.2575
0.2575
0.2575
0.2575
0.2575
0.2575
0.2575
0.2575
0.2575
0.2575
0.2575
0.2575
0.2575
0.2575
0.2575
0.2575
0.2575
0.2575
0.2575
0.2575
0.2575
0.2575
0.2575
0.2575
0.2575
0.2575
0.2575
0.2575
0.2575
0.2575
0.2575
0.2575
0.2575
0.2575
0.2575
0.2575
0.2575
0.2575
0.2575
0.2575
0.2575
0.2575
0.2575
0.2575
0.2575
0.2575
0.2575
0.2575
0.2575
0.2575
0.2575
0.2575
0.2575
0.2575
0.2575
0.2575
0.2575
0.2575
0.2575
0.2575
0.2575
0.2575
0.2575
0.2575
0.2575
0.2575
0.2575
0.2575
0.2575
0.2575
0.2575
0.2575
0.2575
0.2575
0.2575
0.2575
0.2575
0.2575
0.2575
0.2575
0.2575
0.2575
0.2575
0.2575
0.2575
0.2575
0.2575
0.2575
0.2575
0.2575
0.2575
0.2575
0.2575
0.2575
0.2575
0.2575
0.2575
0.2575
0.2575
0.2575
0.2575
0.2575
0.2575
0.2575
0.2575
0.2575
0.2575
0.2575
0.2575
0.2575
0.2575
0.2575
0.2575
0.2575
0.2575
0.2575
0.2575
0.2575
0.2575
0.2575
0.2575
0.2575
0.2575
0.2575
0.2575
0.2575
0.2575
0.2575
0.2575
0.2575
0.2575
0.2575
0.2575
0.2575
0.2575
0.2575
0.2575
0.2575
0.2575
0.2575
0.2575
0.2575
0.2575
0.2575
0.2575
0.2575
0.2575
0.2575
0.2575
0.2575
0.2575
0.2575
0.2575
0.2575
0.2575
0.2575
0.2575
0.2575
0.2575
0.2575
0.2575
0.2575
0.2575
0.2575
0.2575
0.2575
0.2575
0.2575
0.2575
0.2575
0.2575
0.2575
0.2575
0.2575
0.2575
0.2575
0.2575
0.2575
0.2575
0.2575
0.2575
0.2575
0.2575
0.2575
0.2575
0.2575
0.2575
0.2575
0.2575
0.2575
0.2575
0.2575
0.2575
0.2575
0.2575
0.2575
0.2575
0.2575
0.2575
0.2575
0.2575
0.2575
0.2575
0.2575
0.2575
0.2575
0.2575
0.2575
0.2575
0.2575
0.2575
0.2575
0.2575
0.2575
0.2575
0.2575
0.2575
0.2575
0.2575
0.2575
0.2575
0.2575
0.2575
0.2575
0.2575
0.2575
0.2575
0.2575
"amylambert.jpg","amy.wav",#2012-01-05 19:54:12#
"T","I feel tender towards this person"
0.3825
"amylambert.jpg","amy.wav",#2012-01-05 19:54:16#
"D","I felt distressed by this person's suffering"
0.2199
"amylambert.jpg","amy.wav",#2012-01-05 19:54:22#
"I","My personal morals and values are similar to this person's morals and values    "
0.5994
"amylambert.jpg","amy.wav",#2012-01-05 19:54:27#
"E","My position in society is similar to this person's position in society"
0.744
"amylambert.jpg","amy.wav",#2012-01-05 19:54:33#
"N","This person really needs or needed help"
0.2078
"amylambert.jpg","amy.wav",#2012-01-05 19:54:37#
"R","This person is or was responsible for their suffering"
1
"amylambert.jpg","amy.wav",#2012-01-05 19:54:41#
"L","I would like to meet this person in real life"
0.5151
"Nathan.jpg","nathan.wav",#2012-01-05 19:54:44#
"How distressed do you feel in this moment?"
0.5
0.5
0.5
0.5
0.5
0.5
0.5
0.5
0.5
0.5
0.5
0.5
0.5
0.5
0.5
0.5
0.5
0.5
0.5
0.5
0.5
0.5
0.5
0.5
0.5
0.5
0.5
0.5
0.5
0.5
0.5
0.5
0.5
0.5
0.5
0.5
0.5
0.5
0.5
0.5
0.5
0.5
0.5
0.5
0.5
0.5
0.5
0.5
0.5
0.5
0.5
0.5
0.5
0.5
0.5
0.5
0.5
0.5
0.5
0.5
0.5
0.5
0.5
0.5
0.5
0.5
0.5
0.5
0.5
0.5
0.5
0.5
0.5
0.5
0.5
0.5
0.5
0.5
0.5
0.5
0.5
0.5
0.5
0.5
0.5
0.5
0.5
0.5
0.5
0.5
0.5
0.5
0.5
0.5
0.5
0.5
0.5
0.5
0.5
0.5
0.5
0.5
0.5
0.5
0.5
0.5
0.5
0.5
0.5
0.5
0.5
0.5
0.5
0.5
0.5
0.5
0.5
0.5
0.5
0.5
0.5
0.5
0.5
0.5
0.5
0.5
0.5
0.5
0.5
0.5
0.5
0.5
0.5
0.5
0.5
0.5
0.5
0.5
0.5
0.5
0.5
0.5
0.5
0.5
0.5
0.5
0.5
0.5
0.5
0.5
0.5
0.5
0.5
0.5
0.5
0.5
0.5
0.5
0.5
0.5
0.5
0.5
0.5
0.5
0.5
0.5
0.5
0.5
0.5
0.5
0.5
0.5
0.5
0.5
0.5
0.5
0.5
0.5
0.5
0.5
0.5
0.5
0.5
0.5
0.5
0.5
0.5
0.5
0.5
0.5
0.5
0.5
0.5
0.5
0.5
0.5
0.5
0.5
0.5
0.5
0.5
0.5
0.5
0.5
0.5
0.5
0.5
0.5
0.5
0.5
0.5
0.5
0.5
0.5
0.5
0.5
0.5
0.5
0.5
0.5
0.5
0.5
0.5
0.5
0.5
0.5
0.5
0.5
0.5
0.5
0.5
0.5
0.5
0.5
0.5
0.5
0.5
0.5
0.5
0.5
0.5
0.5
0.5
0.5
0.5
0.5
0.5
0.5
0.5
0.5
0.5
0.5
0.5
0.5
0.5
0.5
0.5
0.5
0.5
0.5
0.5
0.5
0.5
0.5
0.5
0.5
0.5
0.5
0.5
0.5
0.5
0.5
0.5
0.5
0.5
0.5
0.5
0.5
0.5
0.5
0.5
0.5
0.5
0.5
0.5
0.5
0.5
0.5
0.5
0.5
0.5
0.5
0.5
0.5
0.5
0.5
0.5
0.5
0.5
0.5
0.5
0.5
0.5
0.5
0.5
0.5
0.5
0.5
0.5
0.5
0.5
0.5
0.5
0.5
0.5
0.5
0.5
0.5
0.5
0.5
0.5
0.5
0.5
0.5
0.5
0.5
0.5
0.5
0.5
0.5
0.5
0.5
0.5
0.5
0.5
0.5
0.5
0.5
0.5
0.5
0.5
0.5
0.5
0.5
0.5
0.5
0.5
0.5
0.5
0.5
0.5
0.5
0.5
0.5
0.5
0.5
0.5
0.5
0.5
0.506
0.5226
0.5271
0.5331
0.5437
0.5527
0.5587
0.5617
0.5617
0.5617
0.5617
0.5617
0.5617
0.5617
0.5617
0.5617
0.5617
0.5617
0.5617
0.5617
0.5617
0.5617
0.5617
0.5617
0.5617
0.5617
0.5617
0.5617
0.5617
0.5617
0.5617
0.5617
0.5617
0.5617
0.5617
0.5617
0.5617
0.5617
0.5617
0.5617
0.5617
0.5617
0.5617
0.5617
0.5617
0.5617
0.5617
0.5617
0.5617
0.5617
0.5617
0.5617
0.5617
0.5617
0.5617
0.5617
0.5617
0.5617
0.5617
0.5617
0.5617
0.5617
0.5617
0.5617
0.5617
0.5617
0.5617
0.5617
0.5617
0.5617
0.5617
0.5617
0.5617
0.5617
0.5617
0.5617
0.5617
0.5617
0.5617
0.5617
0.5617
0.5617
0.5617
0.5617
0.5617
0.5617
0.5617
0.5617
"Nathan.jpg","nathan.wav",#2012-01-05 19:55:21#
"T","I feel tender towards this person"
0.863
"Nathan.jpg","nathan.wav",#2012-01-05 19:55:25#
"D","I felt distressed by this person's suffering"
0.7636
"Nathan.jpg","nathan.wav",#2012-01-05 19:55:31#
"I","My personal morals and values are similar to this person's morals and values    "
0.6145
"Nathan.jpg","nathan.wav",#2012-01-05 19:55:34#
"E","My position in society is similar to this person's position in society"
0.8238
"Nathan.jpg","nathan.wav",#2012-01-05 19:55:41#
"N","This person really needs or needed help"
0.9985
"Nathan.jpg","nathan.wav",#2012-01-05 19:55:44#
"R","This person is or was responsible for their suffering"
0.0572
"Nathan.jpg","nathan.wav",#2012-01-05 19:55:47#
"L","I would like to meet this person in real life"
0.9623
"Robert.jpg","robert.wav",#2012-01-05 19:55:51#
"How distressed do you feel in this moment?"
0.5
0.5
0.5
0.5
0.5
0.5
0.5
0.5
0.5
0.5
0.5
0.5
0.5
0.5
0.5
0.5
0.5
0.5
0.5
0.5
0.5
0.5
0.5
0.5
0.5
0.5
0.5
0.5
0.5
0.5
0.5
0.5
0.5
0.5
0.5
0.5
0.5
0.5
0.5
0.5
0.5
0.5
0.5
0.5
0.506
0.5346
0.5617
0.5828
0.5994
0.6145
0.6145
0.6145
0.6145
0.6145
0.6145
0.6145
0.6627
0.7199
0.741
0.7515
0.7681
0.7937
0.8102
0.8102
0.8102
0.8102
0.8102
0.8102
0.8102
0.8102
0.8117
0.8117
0.8117
0.8117
0.8057
0.8027
0.8027
0.7982
0.7937
0.7816
0.7756
0.7726
0.7726
0.7726
0.7726
0.7726
0.7726
0.7726
0.747
0.744
0.7425
0.7425
0.741
0.741
0.738
0.7364
0.7334
0.7274
0.7214
0.7214
0.7214
0.7214
0.7214
0.7214
0.7214
0.7214
0.7214
0.7214
0.7214
0.7214
0.7214
0.7214
0.7214
0.7214
0.7214
0.7214
0.7214
0.7214
0.7214
0.7214
0.7214
0.7214
0.7214
0.7214
0.7214
0.7214
0.7214
0.7214
0.7214
0.7214
0.7214
0.7214
0.7214
0.7214
0.7214
0.7214
0.7214
0.7214
0.7214
0.7214
0.7214
0.7214
0.7214
0.7214
0.7214
0.7214
0.7214
0.7214
0.7214
0.7214
0.7214
0.7214
0.7214
0.7214
0.7214
0.7214
0.7214
0.7214
0.7214
0.7214
0.7214
0.7214
0.7214
0.7214
0.7214
0.7214
0.7214
0.7214
0.7214
0.7214
0.7214
0.7214
0.7214
0.7214
0.7214
0.7214
0.7214
0.7214
0.7214
0.7214
0.7214
0.7214
0.7214
0.7214
0.7214
0.7214
0.7214
0.7214
0.7214
0.7515
0.7741
0.7741
0.7756
0.7771
0.7771
0.7771
0.7771
0.7771
0.7801
0.7816
0.7816
0.7816
0.7816
0.7816
0.7816
0.7816
0.7816
0.7816
0.7816
0.7816
0.7816
0.7816
0.7816
0.7816
0.7816
0.7816
0.7816
0.7816
0.7816
0.7816
0.7816
0.7816
0.7816
0.7816
0.7816
0.7816
0.7816
0.7816
0.7816
0.7816
0.7816
0.7816
0.7816
0.7816
0.7816
0.7816
0.7816
0.7816
0.7816
0.7816
0.7816
0.7816
0.7816
0.7816
0.7816
0.7816
0.7816
0.7816
0.7816
0.7816
0.7816
0.7816
0.7816
0.7816
0.7816
0.7816
0.7816
0.7816
0.7816
0.7816
0.7816
0.7816
0.7816
0.7816
0.7816
0.7816
0.7816
0.7816
0.7816
0.7816
0.7816
0.7816
0.7816
0.7816
0.7816
0.7816
0.7816
0.7816
0.7816
0.7816
0.7816
0.7816
0.7816
0.7816
0.7816
0.7816
0.7816
0.7816
0.7816
0.7816
0.7816
0.7816
0.7816
0.7816
0.7816
0.7816
0.7816
0.7816
0.7816
0.7816
0.7816
0.7816
0.7816
0.7816
0.7816
0.7816
0.7816
0.7816
0.7816
0.7816
0.7816
0.7816
0.7816
0.7816
0.7816
0.7816
0.7816
0.7816
0.7816
0.7816
0.7816
0.7816
0.7816
0.7816
0.7816
0.7816
0.7816
0.7816
0.7816
0.7816
0.7816
0.7816
0.7816
0.7816
0.7816
0.7816
0.7816
0.7816
0.7816
0.7816
0.7816
0.7816
0.7816
0.7816
0.7816
0.7816
0.7816
0.7816
0.7816
0.7816
0.7816
0.7816
0.7816
0.7816
0.7816
0.7816
0.7816
0.7816
0.7816
0.7816
0.7816
0.7816
0.7816
0.7816
0.7816
0.7816
0.7816
0.7816
0.7816
0.7816
0.7816
0.7816
0.7816
0.7816
0.7816
0.7816
0.7816
0.7816
0.7816
0.7816
0.7816
0.7816
0.7816
0.7816
0.7816
0.7816
0.7816
0.7816
0.7816
0.7816
0.7816
0.7816
0.7816
0.7816
0.7816
0.7816
0.7816
0.7816
0.7816
0.7816
0.7816
0.7816
0.7816
0.7816
0.7816
0.7816
0.7816
0.7816
0.7816
0.7816
0.7816
0.7816
0.7816
0.7816
0.7816
0.7816
0.7816
0.7816
0.7636
0.7319
0.6988
0.6506
0.6114
0.5858
0.5723
0.5678
0.5648
0.5633
0.5602
0.5542
0.5512
0.5497
0.5497
0.5497
0.5497
0.5467
0.5422
0.5392
0.5392
0.5392
0.5392
0.5346
0.5316
0.5301
0.5301
0.5301
0.5301
"Robert.jpg","robert.wav",#2012-01-05 19:56:28#
"T","I feel tender towards this person"
0.9292
"Robert.jpg","robert.wav",#2012-01-05 19:56:32#
"D","I felt distressed by this person's suffering"
0.9036
"Robert.jpg","robert.wav",#2012-01-05 19:56:35#
"I","My personal morals and values are similar to this person's morals and values    "
0.5
"Robert.jpg","robert.wav",#2012-01-05 19:56:42#
"E","My position in society is similar to this person's position in society"
0.8554
"Robert.jpg","robert.wav",#2012-01-05 19:56:50#
"N","This person really needs or needed help"
0.9864
"Robert.jpg","robert.wav",#2012-01-05 19:56:55#
"R","This person is or was responsible for their suffering"
0.0422
"Robert.jpg","robert.wav",#2012-01-05 19:56:58#
"L","I would like to meet this person in real life"
0.9593
"Isiah.jpg","isaiah.wav",#2012-01-05 19:57:01#
"How tender do you feel in this moment?"
0.5
0.5
0.5
0.5
0.5
0.5
0.5
0.5
0.5
0.5
0.5
0.5
0.5
0.5
0.5
0.5
0.5
0.5
0.5
0.5
0.5
0.5
0.5
0.5
0.5
0.5
0.5512
0.6325
0.7048
0.7485
0.7786
0.8193
0.8599
0.869
0.8705
0.8705
0.8705
0.8705
0.8705
0.8705
0.8705
0.8705
0.8705
0.8705
0.8705
0.8705
0.8705
0.8705
0.8705
0.8705
0.8705
0.8705
0.8705
0.8705
0.8705
0.8705
0.8705
0.8705
0.8705
0.8705
0.8705
0.8705
0.8705
0.8705
0.8705
0.8705
0.8705
0.8705
0.8705
0.8705
0.8705
0.8705
0.8705
0.8705
0.8705
0.8705
0.8705
0.8705
0.8705
0.8705
0.8705
0.8705
0.8705
0.8705
0.8705
0.8705
0.8705
0.8705
0.8705
0.8705
0.8705
0.8705
0.8705
0.8705
0.8705
0.8705
0.8705
0.8705
0.8705
0.8705
0.8705
0.8705
0.8705
0.8705
0.8705
0.8705
0.8705
0.8705
0.8705
0.8705
0.8705
0.8705
0.8705
0.8705
0.8705
0.8705
0.8705
0.8705
0.8705
0.8705
0.8705
0.8705
0.8705
0.8705
0.8705
0.8705
0.8705
0.8705
0.8705
0.8705
0.8705
0.8705
0.8705
0.8705
0.8705
0.8705
0.8705
0.8705
0.8705
0.8705
0.8705
0.8705
0.8705
0.8705
0.8705
0.8705
0.8705
0.8705
0.8705
0.8705
0.8705
0.8705
0.8705
0.8705
0.8705
0.8705
0.8705
0.8705
0.8705
0.8705
0.8705
0.8705
0.8705
0.8705
0.8705
0.8705
0.8705
0.8705
0.8705
0.8705
0.8705
0.8705
0.8705
0.8705
0.8705
0.8705
0.8705
0.8705
0.8705
0.8705
0.8705
0.8705
0.8705
0.8705
0.8705
0.8705
0.8705
0.8705
0.8705
0.8705
0.8705
0.8705
0.8705
0.8705
0.8705
0.8705
0.8705
0.8705
0.8705
0.8705
0.8705
0.8705
0.8705
0.8705
0.8705
0.8705
0.8705
0.8705
0.8705
0.8705
0.8705
0.8705
0.8705
0.8705
0.8705
0.8705
0.8705
0.8705
0.8705
0.8705
0.8705
0.8705
0.8705
0.8705
0.8705
0.8705
0.8705
0.8705
0.8705
0.8705
0.8705
0.8705
0.8705
0.8705
0.8705
0.8705
0.8705
0.8705
0.8705
0.8705
0.8705
0.8705
0.8705
0.8705
0.8705
0.8705
0.8705
0.8705
0.8705
0.8705
0.8705
0.8705
0.8705
0.8705
0.8705
0.8705
0.8705
0.8705
0.8705
0.8705
0.8705
0.8705
0.8705
0.8705
0.8705
0.8705
0.8705
0.8705
0.8705
0.8705
0.8705
0.8705
0.8705
0.8705
0.8705
0.8705
0.8705
0.8705
0.8705
0.8705
0.8705
0.8705
0.8705
0.8705
0.8705
0.8705
0.8705
0.8705
0.8705
0.8705
0.8705
0.8705
0.8705
0.8705
0.8705
0.8705
0.8705
0.8705
0.8705
0.8705
0.8705
0.8705
0.8705
0.8705
0.8705
0.8705
0.8705
0.8705
0.8705
0.8705
0.8705
0.8705
0.8705
0.8705
0.8705
0.8705
0.8705
0.8705
0.8705
0.8705
0.8705
0.8705
0.8705
0.8705
0.8705
0.8705
0.8705
0.8705
0.8705
0.8705
0.8705
0.8705
0.8705
0.8705
0.8705
0.8705
0.8705
0.8705
0.8705
0.8705
0.8705
0.8705
0.8705
0.8705
0.8705
0.8705
0.8705
0.8705
0.8705
0.8705
0.8705
0.8705
0.8705
0.8705
0.8705
0.8705
0.8705
0.8705
0.8705
0.8705
0.8705
0.8705
0.8705
0.8705
0.8705
0.8705
0.8705
0.8705
0.8705
0.8705
0.8705
0.8705
0.8705
0.8705
0.8705
0.8705
0.8705
0.8705
0.8705
0.8705
0.8705
0.8705
0.8705
0.8705
0.8705
0.8705
0.8705
0.8705
0.8705
0.8705
0.8705
0.8705
0.8705
0.8705
0.8705
0.8705
0.8705
0.8705
0.8705
0.8705
0.8705
0.8705
0.8705
0.8705
0.8705
0.8705
0.8705
0.8705
0.8705
0.8705
0.8705
0.8705
0.8705
0.8705
0.8705
0.8705
0.8705
0.8705
0.8705
0.8705
0.8705
0.8705
0.8705
0.8705
0.8705
0.8705
0.8705
0.8705
0.8705
0.8705
0.8705
0.8705
0.8705
0.8705
0.8705
0.8705
0.8705
0.8705
0.8705
0.8705
0.8705
0.8705
0.8705
0.8705
0.8705
0.8705
0.8705
"Isiah.jpg","isaiah.wav",#2012-01-05 19:57:38#
"T","I feel tender towards this person"
0.9669
"Isiah.jpg","isaiah.wav",#2012-01-05 19:57:42#
"D","I felt distressed by this person's suffering"
0.9488
"Isiah.jpg","isaiah.wav",#2012-01-05 19:57:47#
"I","My personal morals and values are similar to this person's morals and values    "
0.875
"Isiah.jpg","isaiah.wav",#2012-01-05 19:57:52#
"E","My position in society is similar to this person's position in society"
0.9021
"Isiah.jpg","isaiah.wav",#2012-01-05 19:57:56#
"N","This person really needs or needed help"
0.9699
"Isiah.jpg","isaiah.wav",#2012-01-05 19:58:00#
"R","This person is or was responsible for their suffering"
0
"Isiah.jpg","isaiah.wav",#2012-01-05 19:58:04#
"L","I would like to meet this person in real life"
1
"coalitionforthehomeless5.jpg","angela.wav",#2012-01-05 19:58:08#
"How tender do you feel in this moment?"
0.5
0.5
0.5
0.5
0.5
0.5
0.5
0.5
0.5
0.5
0.5
0.5
0.5
0.5
0.5
0.5
0.5
0.5
0.5
0.5
0.5
0.5
0.5
0.5
0.5
0.5
0.5
0.5
0.5
0.5
0.5
0.5
0.5
0.5
0.5
0.5
0.5
0.5
0.5045
0.5151
0.5301
0.5452
0.5587
0.5693
0.5738
0.5753
0.5753
0.5753
0.5753
0.5753
0.5753
0.7319
0.7425
0.7425
0.7515
0.759
0.7681
0.7726
0.7726
0.7741
0.7771
0.7786
0.7801
0.7801
0.7801
0.7801
0.7801
0.7801
0.7801
0.7801
0.7816
0.7846
0.7877
0.7892
0.7892
0.7846
0.7666
0.7545
0.7395
0.7244
0.7108
0.7063
0.7048
0.7048
0.7048
0.7244
0.7425
0.7545
0.759
0.7605
0.7605
0.7605
0.7605
0.7605
0.7605
0.7605
0.7605
0.7605
0.7605
0.7605
0.7605
0.7605
0.7605
0.7605
0.7605
0.7605
0.7605
0.7605
0.7605
0.7605
0.7605
0.7605
0.7605
0.7605
0.7605
0.7605
0.7605
0.7605
0.7605
0.7605
0.7605
0.7605
0.7605
0.7605
0.7605
0.7605
0.7605
0.7605
0.7605
0.7605
0.7605
0.7605
0.7605
0.7605
0.7605
0.7605
0.7605
0.7605
0.7605
0.7605
0.7605
0.7605
0.7605
0.7605
0.7605
0.7605
0.7605
0.7605
0.7605
0.7605
0.7605
0.7605
0.7605
0.7605
0.7605
0.7605
0.7605
0.7605
0.7605
0.7605
0.7605
0.7605
0.7605
0.7605
0.7605
0.7605
0.7605
0.7605
0.7605
0.7605
0.7605
0.7605
0.7605
0.7605
0.7605
0.7605
0.7605
0.7605
0.7605
0.7605
0.7605
0.7605
0.7605
0.7605
0.7605
0.7605
0.7605
0.7605
0.7605
0.7605
0.7605
0.7605
0.7605
0.7605
0.7605
0.7605
0.7605
0.7605
0.7605
0.7605
0.7605
0.7605
0.7605
0.7605
0.7605
0.7605
0.7605
0.7605
0.7605
0.7605
0.7605
0.7605
0.7605
0.7605
0.7605
0.7605
0.7605
0.7605
0.7605
0.7605
0.7605
0.7605
0.7605
0.7605
0.7605
0.7515
0.6551
0.5979
0.5723
0.5648
0.5648
0.5648
0.5648
0.5648
0.5648
0.5648
0.5648
0.5377
0.5166
0.5166
0.5151
0.5136
0.5136
0.5105
0.506
0.5045
0.503
0.503
0.503
0.503
0.503
0.503
0.503
0.503
0.503
0.503
0.503
0.503
0.503
0.503
0.503
0.503
0.503
0.503
0.503
0.503
0.5
0.497
0.4895
0.4729
0.4458
0.4383
0.4367
0.4367
0.4367
0.4367
0.4367
0.4367
0.4367
0.4367
0.4367
0.4337
0.4307
0.4292
0.4292
0.4277
0.4262
0.4247
0.4247
0.4247
0.4232
0.4232
0.4232
0.4232
0.4232
0.4232
0.4232
0.4232
0.4232
0.4232
0.4232
0.4157
0.4111
0.4081
0.4081
0.4081
0.4081
0.4081
0.4081
0.4081
0.4051
0.3991
0.3961
0.3946
0.3946
0.3946
0.3946
0.3946
0.3946
0.3946
0.3946
0.3946
0.3946
0.3946
0.3946
0.3946
0.3946
0.3946
0.3946
0.3946
0.3946
0.3946
0.3946
0.3946
0.3946
0.3946
0.3946
0.3946
0.3946
0.3946
0.3946
0.3946
0.3961
0.3976
0.3991
0.3991
0.3991
0.3991
0.3991
0.3991
0.3991
0.3991
0.3991
0.3991
0.3991
0.3991
0.3991
0.3991
0.3991
0.3991
0.4006
0.4006
0.4006
0.4006
0.4006
0.4006
0.4006
0.4006
0.4006
0.4006
0.4006
0.4006
0.4006
0.4006
0.4006
0.4006
0.4006
0.4006
0.4006
0.4006
0.4006
0.4006
0.4006
0.4006
0.4006
0.4006
0.4006
0.4006
0.4006
0.4006
0.4006
0.4006
0.4006
0.4006
0.4006
0.4006
0.4006
0.4006
0.4006
0.4006
0.4006
0.4006
0.4006
0.4006
0.4006
0.4006
0.4006
0.4006
0.4006
0.4006
0.4006
0.4006
0.4006
0.4006
0.4006
0.4006
0.4006
0.4006
0.4006
0.4006
0.4006
0.4006
0.4006
0.4006
0.4006
0.4006
0.4006
0.4006
0.4006
0.4006
0.4006
0.4006
0.4006
0.4006
0.4006
0.4006
0.4006
0.4006
0.4006
0.4006
0.4006
0.4006
0.4006
0.4006
0.4006
0.4006
0.4006
"coalitionforthehomeless5.jpg","angela.wav",#2012-01-05 19:58:51#
"T","I feel tender towards this person"
0.6084
"coalitionforthehomeless5.jpg","angela.wav",#2012-01-05 19:58:58#
"D","I felt distressed by this person's suffering"
0.8419
"coalitionforthehomeless5.jpg","angela.wav",#2012-01-05 19:59:01#
"I","My personal morals and values are similar to this person's morals and values    "
0.5045
"coalitionforthehomeless5.jpg","angela.wav",#2012-01-05 19:59:05#
"E","My position in society is similar to this person's position in society"
0.4262
"coalitionforthehomeless5.jpg","angela.wav",#2012-01-05 19:59:09#
"N","This person really needs or needed help"
1
"coalitionforthehomeless5.jpg","angela.wav",#2012-01-05 19:59:15#
"R","This person is or was responsible for their suffering"
0.1175
"coalitionforthehomeless5.jpg","angela.wav",#2012-01-05 19:59:18#
"L","I would like to meet this person in real life"
0.9006
"Charles.jpg","charles.wav",#2012-01-05 19:59:22#
"How distressed do you feel in this moment?"
0.5
0.5
0.5
0.5
0.5
0.5
0.5
0.5
0.5
0.5
0.5
0.5
0.5
0.5
0.5
0.5
0.5
0.5
0.5
0.5
0.5
0.5
0.5
0.5
0.5
0.5
0.5
0.5
0.5
0.5
0.5
0.5
0.5
0.5
0.5
0.5
0.5
0.5
0.5
0.5
0.5
0.5
0.5
0.5
0.5
0.5
0.5
0.5
0.5
0.5
0.5
0.5
0.5
0.5
0.5
0.5
0.5
0.5
0.5
0.5
0.5
0.5
0.5
0.5
0.5
0.5
0.5
0.5
0.5
0.5
0.5
0.5
0.5
0.5
0.5
0.5
0.5
0.5
0.5
0.5
0.5
0.5
0.5
0.5
0.5
0.5
0.5
0.5
0.5
0.5
0.5
0.5
0.5
0.5
0.5
0.5
0.5
0.5
0.5
0.5
0.5
0.5
0.5
0.5
0.5
0.5
0.5
0.5
0.5
0.5
0.5
0.5
0.5
0.5
0.5
0.5
0.5
0.5
0.5
0.5
0.5
0.5
0.5
0.5
0.5
0.5
0.5
0.5
0.5
0.5
0.5
0.5
0.5
0.5
0.5
0.5
0.5
0.5
0.5
0.5
0.5
0.5
0.5
0.5
0.5
0.5
0.5
0.5
0.5
0.5
0.5
0.5
0.5
0.5
0.5
0.5
0.5
0.5
0.5
0.5
0.5
0.5
0.5
0.5
0.5
0.5
0.5
0.5
0.5
0.5
0.5
0.5392
0.6084
0.6702
0.7003
0.7184
0.7319
0.744
0.744
0.744
0.744
0.744
0.744
0.744
0.744
0.7455
0.753
0.756
0.756
0.759
0.759
0.759
0.7605
0.7636
0.7651
0.7651
0.7681
0.7696
0.7696
0.7726
0.7756
0.8223
0.8645
0.8675
0.8705
0.8886
0.9036
0.9096
0.9127
0.9142
0.9142
0.881
0.8343
0.8268
0.8268
0.8268
0.8268
0.8268
0.8268
0.8268
0.8268
0.8268
0.8268
0.8268
0.8268
0.8268
0.8268
0.8268
0.8268
0.8268
0.8268
0.8268
0.8268
0.8268
0.8268
0.8268
0.8268
0.8268
0.8268
0.8268
0.8268
0.8268
0.8268
0.8268
0.8268
0.8268
0.8268
0.8268
0.8268
0.8268
0.8268
0.8268
0.8268
0.8268
0.8268
0.8268
0.8268
0.8268
0.8268
0.8268
0.8268
0.8268
0.8268
0.8268
0.8268
0.8268
0.8268
0.8268
0.8268
0.8268
0.8268
0.8268
0.8268
0.8268
0.8268
0.8268
0.8268
0.8268
0.8268
0.8268
0.8268
0.8268
0.8268
0.8268
0.8268
0.8268
0.8268
0.8268
0.8268
0.8268
0.8268
0.8268
0.8268
0.8268
0.8268
0.8268
0.8268
0.8268
0.8268
0.8268
0.8268
0.8268
0.8268
0.8268
0.8268
0.8268
0.8268
0.8268
0.8268
0.8268
0.8268
0.8268
0.8268
0.8268
0.8268
0.8268
0.8268
0.8268
0.8268
0.8268
0.8268
0.8268
0.8268
0.8268
0.8268
0.8268
0.8268
0.8268
0.8268
0.8268
0.8268
0.8268
0.8268
0.8268
0.8268
0.8268
0.8268
0.8268
0.8268
0.8268
0.8268
0.8268
0.8268
0.8268
0.8268
0.8268
0.8268
0.8268
0.8268
0.8268
0.8268
0.8268
0.8268
0.8268
0.8268
0.8268
0.8268
0.8268
0.8268
0.8268
0.8268
0.8268
0.8268
0.8268
0.8268
0.8268
0.8268
0.8268
0.8268
0.8268
0.8268
0.8268
0.8268
0.8268
0.8268
0.8268
0.8268
0.8268
0.8268
0.8268
0.8268
0.8268
0.8268
0.8268
0.8268
0.8268
0.8268
0.8268
0.8268
0.8268
0.8268
0.8268
0.8268
0.8268
0.8268
0.8268
0.8268
0.8268
0.8268
0.8268
0.8268
0.8268
0.8268
0.8268
0.8268
0.8268
0.8268
0.8268
0.8268
0.8268
0.8268
0.8268
0.8268
0.8268
0.8268
0.8268
0.8268
0.8268
0.8268
0.8268
0.8268
0.8268
0.8268
0.8268
0.8268
0.8268
0.8268
0.8268
0.8268
0.8268
0.8268
0.8268
0.8268
0.8268
0.8268
0.8268
0.8268
0.8268
0.8268
0.8268
0.8268
0.8268
0.8268
0.8268
0.8268
0.8268
0.8268
"Charles.jpg","charles.wav",#2012-01-05 20:00:11#
"T","I feel tender towards this person"
0.8509
"Charles.jpg","charles.wav",#2012-01-05 20:00:17#
"D","I felt distressed by this person's suffering"
0.9367
"Charles.jpg","charles.wav",#2012-01-05 20:00:22#
"I","My personal morals and values are similar to this person's morals and values    "
0.7485
"Charles.jpg","charles.wav",#2012-01-05 20:00:33#
"E","My position in society is similar to this person's position in society"
0.8931
"Charles.jpg","charles.wav",#2012-01-05 20:00:40#
"N","This person really needs or needed help"
0.9985
"Charles.jpg","charles.wav",#2012-01-05 20:00:43#
"R","This person is or was responsible for their suffering"
0
"Charles.jpg","charles.wav",#2012-01-05 20:00:47#
"L","I would like to meet this person in real life"
1
"americancancersociety3.jpg","wallace.wav",#2012-01-05 20:00:51#
"How distressed do you feel in this moment?"
0.5
0.5
0.5
0.5
0.5
0.5
0.5
0.5
0.5
0.5
0.5
0.5
0.5
0.5
0.5
0.5
0.5
0.5
0.5
0.5
0.5
0.5
0.5
0.5
0.5
0.5
0.5
0.5
0.5
0.5
0.5
0.5
0.5
0.5
0.5
0.5
0.5
0.5
0.5
0.5
0.5
0.5
0.5
0.5
0.5
0.5
0.5
0.5
0.5
0.5
0.5
0.5
0.5
0.5
0.5
0.5
0.5
0.5
0.5
0.5
0.5
0.5
0.5
0.5
0.5
0.5
0.5
0.5
0.5
0.5
0.5
0.5
0.5
0.5
0.5
0.5
0.5
0.5
0.5
0.5
0.5
0.5
0.5
0.5
0.5
0.5
0.5
0.5
0.5
0.5
0.5
0.5
0.5
0.5
0.5
0.5
0.5
0.5
0.5
0.5
0.5
0.5
0.5
0.5
0.5
0.5
0.5
0.5
0.5
0.5
0.5
0.5
0.5
0.5
0.5
0.5
0.5
0.5
0.5
0.5
0.5
0.5
0.5
0.5
0.5
0.5
0.5
0.5
0.5
0.5
0.5
0.5
0.5
0.5
0.5
0.5
0.5
0.5
0.5
0.5
0.5
0.5
0.5
0.5241
0.5497
0.5648
0.5708
0.5753
0.5798
0.5828
0.5858
0.5873
0.5873
0.5873
0.5889
0.5919
0.5964
0.6009
0.6069
0.6099
0.6099
0.6099
0.6099
0.6099
0.6099
0.6099
0.6235
0.631
0.6325
0.6355
0.6355
0.6355
0.6355
0.6355
0.6355
0.6355
0.6355
0.6355
0.6355
0.6355
0.6355
0.6355
0.6355
0.6355
0.6355
0.6355
0.6355
0.6355
0.6355
0.6355
0.6355
0.6355
0.6355
0.6355
0.6355
0.6355
0.6355
0.6355
0.6355
0.6355
0.6355
0.6355
0.6355
0.6355
0.6355
0.6355
0.6355
0.6355
0.6355
0.6355
0.6355
0.6355
0.6355
0.6355
0.6355
0.6355
0.6355
0.6355
0.6355
0.6355
0.6355
0.6355
0.6355
0.6355
0.6355
0.6355
0.6355
0.6355
0.6355
0.6355
0.6355
0.6355
0.6355
0.6355
0.6355
0.6355
0.6355
0.6355
0.6355
0.6355
0.6355
0.6355
0.6355
0.6355
0.6355
0.6355
0.6355
0.6355
0.6355
0.6355
0.6355
0.6355
0.6355
0.6355
0.6355
0.6355
0.6355
0.6355
0.6355
0.6355
0.6355
0.6355
0.6355
0.6355
0.6355
0.6355
0.6355
0.6355
0.6355
0.6355
0.6355
0.6355
0.6355
0.6355
0.6355
0.6355
0.6355
0.6355
0.6355
0.6355
0.6355
0.6355
0.6355
0.6355
0.6355
0.6355
0.6355
0.6355
0.6355
0.6355
0.6355
0.6355
0.6355
0.6355
0.6355
0.6355
0.6355
0.6355
0.6355
0.6355
0.6355
0.6355
0.6355
0.6355
0.6355
0.6355
0.6355
0.6355
0.6355
0.6355
0.6355
0.6355
0.6355
0.6355
0.6355
0.6355
0.6355
0.6355
0.6355
0.6355
0.6355
0.6355
0.6355
0.6355
0.6355
0.6355
0.6355
0.6355
0.6355
0.6355
0.6355
0.6355
0.6355
0.6355
0.6355
0.6355
0.6355
0.6355
0.6355
0.6355
0.6355
0.6355
0.6355
0.6355
0.6355
0.6355
0.6355
0.6355
0.6355
0.6355
0.6355
0.6355
0.6355
0.6355
0.6355
0.6355
0.6355
0.6355
0.6355
0.6355
0.6355
0.6355
0.6355
0.6355
0.6355
0.6355
0.6355
0.6355
0.6355
0.6355
0.6355
0.6355
0.6355
0.6355
0.6355
0.6355
0.6355
0.6355
0.6355
0.6355
0.6355
0.6355
0.6355
0.6355
0.6355
0.6355
0.6355
0.6355
0.6355
0.6355
0.6355
0.6355
0.6355
0.6355
0.6355
0.6355
0.6355
0.6355
0.6355
0.6355
0.6355
0.6355
0.6355
0.6355
0.6355
0.6355
0.6355
0.6355
0.6355
0.6355
0.6355
0.6355
0.6355
0.6355
0.6355
0.6355
0.6355
0.6355
0.6355
0.6355
0.6355
0.6355
0.6355
0.6355
0.6355
0.6355
0.6355
0.6355
0.6355
0.6355
0.6355
0.6355
0.6355
0.6355
0.6355
0.6355
0.6355
0.6355
0.6355
0.6355
0.6355
0.6355
0.6355
0.6355
0.6355
0.6355
0.6355
"americancancersociety3.jpg","wallace.wav",#2012-01-05 20:01:29#
"T","I feel tender towards this person"
0.6958
"americancancersociety3.jpg","wallace.wav",#2012-01-05 20:01:32#
"D","I felt distressed by this person's suffering"
0.7395
"americancancersociety3.jpg","wallace.wav",#2012-01-05 20:01:37#
"I","My personal morals and values are similar to this person's morals and values    "
0.8102
"americancancersociety3.jpg","wallace.wav",#2012-01-05 20:01:41#
"E","My position in society is similar to this person's position in society"
0.8675
"americancancersociety3.jpg","wallace.wav",#2012-01-05 20:01:47#
"N","This person really needs or needed help"
0.6732
"americancancersociety3.jpg","wallace.wav",#2012-01-05 20:01:53#
"R","This person is or was responsible for their suffering"
0.4036
"americancancersociety3.jpg","wallace.wav",#2012-01-05 20:01:56#
"L","I would like to meet this person in real life"
0.8148
