3 11 8 13 21 10 4 17 22 16 18 20 23 0 14 15 19 7 9 5 12 2 1 6
20 17 21 18 13 22 9 14 5 16 1 7 23 11 10 8 3 4 6 2 12 0 15 19
18 5 12 11 23 0 2 9 1 13 20 3 8 22 17 7 16 21 15 14 4 6 19 10
2 9 14 15 1 13 11 17 3 8 19 12 18 20 16 23 7 22 10 4 5 6 21 0
20 16 3 7 14 17 15 21 8 12 10 1 22 2 13 4 11 6 19 5 23 0 18 9
21 4 15 20 22 3 5 14 10 23 0 6 13 8 17 16 12 2 18 11 1 19 7 9
11 3 19 7 23 13 5 22 1 16 20 0 12 17 15 18 10 9 2 4 6 14 21 8
12 14 7 17 8 16 0 11 13 19 6 20 5 3 2 4 10 9 22 23 15 1 18 21
18 16 23 2 12 3 19 14 21 13 20 0 15 10 1 7 17 8 4 22 6 11 5 9
9 7 17 10 3 22 18 23 0 21 2 11 14 8 1 19 6 20 15 16 4 13 12 5
12 13 22 15 7 20 4 10 2 3 11 9 18 16 23 21 19 6 5 0 14 17 1 8
5 17 23 6 2 20 9 14 3 13 18 10 11 12 16 22 4 1 19 8 21 7 0 15
15 18 9 16 1 21 23 13 19 8 20 11 5 10 14 7 22 6 12 17 2 3 4 0
2 4 6 0 13 17 11 1 14 19 3 5 22 7 15 20 18 12 23 21 10 16 8 9
15 21 19 17 20 2 7 4 14 9 1 23 11 10 0 6 5 22 18 16 12 8 3 13
14 12 22 13 2 23 15 21 9 6 3 10 1 8 5 17 18 19 20 11 0 16 7 4
0 21 19 2 9 10 23 18 15 3 16 22 7 11 20 5 14 13 17 6 4 1 12 8
21 13 2 15 1 16 14 22 9 20 6 7 0 23 11 5 18 10 12 3 17 8 19 4
7 22 14 19 21 3 18 16 12 2 6 0 15 13 9 23 4 20 17 1 11 10 8 5
14 23 9 15 6 3 2 21 4 12 17 22 11 5 10 1 13 20 18 0 7 19 16 8
11 17 19 8 13 20 10 15 7 22 4 2 16 14 9 3 1 5 21 0 6 12 23 18
21 11 2 15 3 12 23 9 17 0 8 19 7 5 10 14 20 16 6 4 22 13 1 18
0 18 4 12 7 8 1 21 10 20 13 5 23 14 15 17 11 22 9 19 2 3 16 6
23 0 22 3 14 17 21 10 13 9 8 1 15 2 19 5 12 7 16 4 11 6 20 18
14 20 11 4 10 0 5 1 15 9 12 19 8 6 23 16 2 17 21 3 13 7 18 22
0 8 15 17 13 11 20 22 4 1 16 18 23 12 19 9 7 5 6 10 3 14 2 21
3 14 12 6 15 7 19 8 13 9 21 2 10 0 18 20 5 17 11 4 16 1 22 23
19 1 13 21 22 5 10 3 16 8 18 6 17 2 15 9 7 23 12 0 4 11 20 14
19 15 8 0 3 12 16 13 10 2 21 22 11 7 4 18 23 6 14 5 17 20 9 1
18 12 11 1 21 13 0 6 5 7 9 16 10 3 19 15 17 20 8 2 4 22 14 23
1 6 4 19 12 3 7 18 21 17 0 16 15 8 22 9 11 13 20 5 14 10 23 2
17 2 18 23 11 7 19 16 22 21 10 12 6 9 8 20 5 0 1 14 4 3 13 15
16 15 14 0 5 4 19 2 7 10 17 18 13 9 21 22 6 11 23 12 1 20 3 8
4 7 9 19 11 21 6 8 0 5 22 2 13 12 17 1 10 18 14 15 23 3 16 20
15 20 8 4 23 16 22 0 14 6 13 21 10 12 11 1 18 7 17 9 3 2 19 5
17 5 4 15 19 2 14 22 0 21 1 10 18 23 13 11 8 20 16 9 3 7 6 12
6 21 15 20 0 13 17 19 12 4 9 16 3 11 5 23 2 7 8 14 22 18 10 1
6 13 23 10 18 19 12 0 5 3 21 17 2 8 16 9 20 22 7 1 15 4 11 14
11 2 23 10 16 19 17 13 4 21 3 20 22 18 9 1 14 7 12 0 5 15 6 8
13 21 22 14 5 2 19 11 12 7 4 15 20 23 9 18 10 3 8 16 17 6 0 1
7 9 3 6 0 10 15 16 19 11 21 14 5 2 8 17 20 1 12 4 18 22 13 23
1 15 7 11 4 3 5 20 18 23 9 16 2 21 0 14 17 12 10 22 8 19 6 13
5 13 19 3 1 7 2 10 21 14 12 11 9 4 22 0 8 17 20 23 18 16 6 15
7 5 4 0 16 17 18 13 10 12 15 2 11 3 1 20 22 21 23 8 19 6 14 9
15 19 11 9 16 23 2 7 1 0 17 20 8 18 21 3 6 12 4 14 5 10 13 22
8 12 2 0 17 14 11 9 3 15 1 22 5 4 13 19 16 18 23 20 7 6 21 10
23 20 5 11 18 2 12 7 3 0 1 8 10 14 21 6 19 15 4 17 9 22 13 16
19 2 17 11 5 22 15 1 6 3 23 4 13 14 20 16 9 8 7 10 0 21 18 12
3 21 13 4 11 10 2 18 16 8 7 14 15 5 0 6 19 9 23 22 20 12 1 17
6 8 15 23 1 20 2 0 17 5 3 16 19 11 18 4 12 9 14 7 10 21 13 22
0 18 20 6 13 22 12 14 11 4 10 15 3 8 21 1 2 19 16 9 5 17 7 23
20 0 15 22 5 21 2 11 6 9 12 16 23 1 13 10 14 18 7 17 8 19 3 4
12 2 21 4 17 23 0 3 5 1 7 18 19 9 16 8 14 15 13 6 20 11 22 10
0 1 2 22 3 12 13 23 16 14 19 10 5 11 9 17 6 7 15 18 20 8 4 21
20 19 13 12 10 2 21 1 4 23 17 8 11 14 5 16 0 18 9 15 7 3 6 22
17 21 1 2 3 16 13 19 10 4 6 8 15 23 14 0 11 12 7 20 18 22 9 5
16 8 4 23 9 11 2 13 20 14 1 19 6 17 7 3 18 12 21 0 5 10 15 22
17 23 7 4 20 14 2 22 15 6 21 12 13 8 9 1 0 16 19 3 10 11 5 18
2 16 13 10 20 8 12 19 21 17 3 5 0 4 7 23 6 14 1 9 22 15 11 18
16 9 12 4 22 6 11 17 19 21 8 18 1 7 5 13 2 20 10 0 14 23 3 15
8 4 15 11 22 5 7 10 9 12 1 2 21 13 16 14 6 0 18 20 23 3 17 19
7 8 0 16 6 5 23 15 4 18 20 11 12 22 9 10 1 13 3 14 19 21 2 17
23 1 5 9 10 16 6 17 4 8 19 21 12 11 3 14 2 15 0 18 7 13 20 22
23 10 19 1 9 8 11 2 5 3 4 17 14 16 18 21 20 12 22 0 6 7 13 15
14 16 3 2 13 15 8 0 19 4 21 6 1 11 22 20 18 5 12 23 7 17 9 10
21 1 4 18 22 9 2 7 14 3 19 12 15 10 20 11 17 6 16 0 8 5 13 23
4 5 18 6 10 1 8 21 11 12 13 7 20 0 3 15 17 23 16 2 9 22 19 14
20 19 21 16 15 13 6 8 17 2 5 22 14 3 9 12 4 23 10 0 7 11 18 1
7 21 12 8 4 5 19 18 16 17 2 15 10 11 14 6 23 3 22 9 20 0 1 13
3 5 1 19 8 23 0 14 21 10 16 20 22 2 11 7 12 15 17 18 6 4 9 13
18 21 14 1 6 15 0 3 17 12 22 9 13 10 11 19 5 16 20 2 7 4 23 8
20 16 19 5 12 22 18 2 17 11 10 0 1 9 7 13 21 15 3 6 14 8 4 23
4 15 13 18 5 16 6 20 8 9 12 22 21 10 1 7 11 3 2 23 17 0 19 14
23 15 17 22 16 10 0 4 21 18 12 1 9 5 2 13 14 8 11 19 3 7 6 20
1 18 20 6 22 21 8 17 5 16 3 7 13 12 10 23 15 19 14 4 9 11 2 0
11 17 23 16 9 2 22 10 21 0 15 1 20 18 5 19 13 12 6 7 8 3 4 14
12 10 16 13 23 8 11 9 1 6 14 17 4 20 3 18 19 0 7 15 21 22 2 5
0 4 18 10 23 19 8 2 17 22 3 7 11 9 13 1 12 5 16 15 21 20 6 14
11 6 14 22 10 1 16 8 5 2 0 13 17 18 4 15 12 20 9 3 19 23 21 7
10 22 23 4 16 14 19 12 9 3 13 15 1 17 20 0 18 5 2 7 6 11 8 21
18 20 14 7 15 21 13 3 2 17 10 16 19 23 1 0 12 4 5 11 6 8 22 9
7 0 21 15 4 3 23 8 10 16 5 9 6 18 20 11 13 19 22 17 14 2 1 12
20 18 12 21 0 5 17 2 7 23 16 14 6 10 11 9 1 4 3 22 15 8 13 19
10 23 13 22 1 4 0 14 20 7 8 16 6 15 9 2 12 18 17 21 19 3 11 5
22 9 7 0 4 18 10 11 15 13 8 16 20 5 21 2 14 17 23 12 19 3 1 6
18 1 17 16 13 2 3 6 23 22 10 12 9 20 0 14 19 7 8 15 21 5 4 11
7 0 8 14 10 17 11 13 19 5 15 22 20 9 18 2 12 21 1 23 16 3 6 4
9 17 6 4 2 11 0 16 12 7 21 5 22 15 13 19 20 1 10 3 14 18 23 8
23 21 15 1 12 6 16 14 4 2 22 11 10 5 9 7 13 0 3 17 19 20 18 8
13 19 14 11 20 22 7 5 15 6 12 2 4 10 16 21 23 3 18 8 9 1 0 17
14 13 20 1 8 5 23 18 15 11 16 7 4 2 6 19 12 0 22 21 3 17 9 10
13 20 2 3 4 18 14 22 0 9 6 17 16 7 1 10 15 12 19 8 23 11 5 21
19 7 4 13 12 1 9 3 8 20 21 18 10 0 2 16 22 5 23 14 15 11 17 6
0 5 18 19 4 14 13 8 6 23 11 15 2 12 22 20 21 3 16 1 7 10 17 9
16 3 20 13 0 7 19 15 12 22 10 11 1 21 2 6 14 4 8 23 9 5 18 17
12 19 21 7 5 13 16 4 10 20 15 11 6 18 17 23 8 14 2 1 0 3 22 9
10 6 20 2 18 17 16 22 8 15 12 3 19 0 9 4 13 21 14 11 1 7 5 23
13 8 23 19 14 15 1 18 0 7 10 20 22 5 2 12 21 11 9 6 4 16 3 17
18 16 0 22 4 23 14 7 6 13 12 2 15 10 17 5 20 1 11 21 19 8 3 9
6 8 11 21 12 3 13 1 10 9 20 5 18 4 22 14 16 7 19 0 23 17 15 2
